Load 	Time
-8.302002	0
-26.981506	0.025
-33.208008	0.05
-24.214172	0.075
-26.981506	0.1
-11.069336	0.124
-20.063171	0.15
-17.295837	0.175
-28.365173	0.2
-20.755005	0.225
-15.91217	0.25
-14.528503	0.275
-31.132507	0.298
-23.522339	0.323
-26.289673	0.348
-17.987671	0.373
-17.987671	0.397
-22.830505	0.422
-17.295837	0.447
-15.220337	0.472
-15.91217	0.496
-17.987671	0.521
-11.761169	0.544
-19.371338	0.569
-10.377502	0.594
-14.528503	0.619
-14.528503	0.644
-17.295837	0.667
-5.534668	0.692
-6.226501	0.717
-8.993835	0.742
-10.377502	0.767
-15.220337	0.791
-13.83667	0.817
-8.993835	0.842
-0.691833	0.867
4.151001	0.892
-7.610168	0.916
-4.151001	0.942
1.383667	0.967
-6.226501	0.992
-7.610168	1.017
-13.83667	1.041
-4.151001	1.066
1.383667	1.091
-4.842834	1.116
-3.459167	1.141
-6.226501	1.165
-6.226501	1.19
3.459167	1.215
-2.0755	1.24
5.534668	1.265
4.151001	1.289
3.459167	1.315
8.302002	1.34
-4.842834	1.366
4.842834	1.389
7.610168	1.413
9.685669	1.438
10.377502	1.461
4.151001	1.487
6.226501	1.51
15.91217	1.535
12.453003	1.56
11.761169	1.583
13.144836	1.608
19.371338	1.633
8.302002	1.658
22.830505	1.683
20.063171	1.707
17.987671	1.733
28.365173	1.758
2.0755	1.783
22.138672	1.808
17.295837	1.831
27.67334	1.855
31.824341	1.88
23.522339	1.906
26.981506	1.929
28.365173	1.955
32.516174	1.98
40.818176	2.003
38.050842	2.029
31.132507	2.054
33.899841	2.078
28.365173	2.103
37.359009	2.126
33.899841	2.152
39.434509	2.177
42.893677	2.202
43.58551	2.227
40.818176	2.25
40.818176	2.275
46.352844	2.3
53.963013	2.326
53.963013	2.349
46.352844	2.375
56.730347	2.4
53.271179	2.425
53.963013	2.45
51.887512	2.475
56.730347	2.499
60.881348	2.524
63.648682	2.549
62.956848	2.574
60.189514	2.599
63.648682	2.623
57.42218	2.649
66.416016	2.673
69.875183	2.7
73.334351	2.725
80.252686	2.749
68.491516	2.776
69.875183	2.799
69.875183	2.824
80.252686	2.849
83.02002	2.873
84.403687	2.897
79.560852	2.922
84.403687	2.947
86.479187	2.972
77.485352	2.996
83.711853	3.021
90.630188	3.044
88.554687	3.07
89.938354	3.093
90.630188	3.118
85.787354	3.142
78.177185	3.166
103.083191	3.191
94.781189	3.216
94.089355	3.241
101.00769	3.266
90.630188	3.29
94.089355	3.315
100.315857	3.34
110.693359	3.365
92.013855	3.39
105.158691	3.414
113.460693	3.438
106.542358	3.463
121.070862	3.488
118.303528	3.513
134.907532	3.537
115.536194	3.562
117.611694	3.585
125.221863	3.61
120.379028	3.635
127.989197	3.66
124.530029	3.684
125.913696	3.708
131.448364	3.733
131.448364	3.757
137.674866	3.782
120.379028	3.807
139.750366	3.833
136.983032	3.858
141.134033	3.883
141.825867	3.909
148.744202	3.932
140.4422	3.958
157.046204	3.983
154.970703	4.008
154.970703	4.033
161.197205	4.058
167.423706	4.082
154.27887	4.107
149.436035	4.131
151.511536	4.157
171.574707	4.182
159.813538	4.206
164.656372	4.232
167.423706	4.256
157.738037	4.281
179.184875	4.306
175.033875	4.33
181.260376	4.355
177.801208	4.378
178.493042	4.404
182.644043	4.429
184.02771	4.453
180.568542	4.478
186.795044	4.501
191.637878	4.527
195.788879	4.552
181.952209	4.577
187.486877	4.602
195.788879	4.625
195.788879	4.651
188.870544	4.676
195.788879	4.704
202.015381	4.729
199.248047	4.752
209.625549	4.778
211.009216	4.802
210.317383	4.828
216.543884	4.851
217.927551	4.875
212.392883	4.9
215.852051	4.925
222.770386	4.95
220.003052	4.975
224.154053	4.999
224.154053	5.024
222.078552	5.049
237.298889	5.074
226.229553	5.099
232.456055	5.123
238.682556	5.152
229.688721	5.176
231.072388	5.203
234.531555	5.228
233.839722	5.251
232.456055	5.276
221.386719	5.301
235.223389	5.326
228.305054	5.351
249.060059	5.375
247.676392	5.401
246.984558	5.426
251.135559	5.452
248.368225	5.475
258.053894	5.499
261.513062	5.524
267.047729	5.549
260.129395	5.574
266.355896	5.599
269.12323	5.623
273.274231	5.647
278.117065	5.672
278.808899	5.697
283.651733	5.722
280.192566	5.746
285.727234	5.772
283.651733	5.795
290.570068	5.82
291.261902	5.843
296.104736	5.869
297.488403	5.894
298.87207	5.917
298.180237	5.943
302.331238	5.968
305.790405	5.994
302.331238	6.019
303.023071	6.042
306.482239	6.068
324.46991	6.093
311.325073	6.119
318.935242	6.142
317.551575	6.166
312.70874	6.192
328.620911	6.217
330.004578	6.242
342.457581	6.267
323.778076	6.291
336.231079	6.317
332.771912	6.342
342.457581	6.367
332.080078	6.392
342.457581	6.416
342.457581	6.442
356.29425	6.467
345.916748	6.492
354.910583	6.517
350.759583	6.541
356.29425	6.567
359.061584	6.592
356.29425	6.617
363.212585	6.642
369.439087	6.666
363.904419	6.692
370.13092	6.718
373.590088	6.743
374.281921	6.768
372.206421	6.792
368.05542	6.817
386.043091	6.842
382.583923	6.868
386.734924	6.893
382.583923	6.917
384.659424	6.943
394.345093	6.968
390.885925	6.993
396.420593	7.018
391.577759	7.042
397.112427	7.068
391.577759	7.093
399.187927	7.118
401.263428	7.143
401.263428	7.167
406.106262	7.194
404.722595	7.219
417.867432	7.244
415.791931	7.269
413.716431	7.292
422.710266	7.318
424.093933	7.342
426.169434	7.368
421.326599	7.393
426.169434	7.418
427.553101	7.443
426.169434	7.468
431.012268	7.493
440.697937	7.518
431.012268	7.542
434.471436	7.568
436.546936	7.593
442.773437	7.618
444.157104	7.643
443.465271	7.667
440.697937	7.693
454.534607	7.718
451.767273	7.743
451.075439	7.768
460.069275	7.792
455.918274	7.818
452.459106	7.843
460.069275	7.869
465.603943	7.894
465.603943	7.917
467.679443	7.943
469.06311	7.968
475.289612	7.993
484.283447	8.018
471.830444	8.042
478.748779	8.067
478.748779	8.092
483.591614	8.117
488.434448	8.142
487.050781	8.166
488.434448	8.192
469.06311	8.217
490.509949	8.242
489.818115	8.267
498.811951	8.291
494.66095	8.317
496.044617	8.342
498.120117	8.367
502.962952	8.392
497.428284	8.416
512.648621	8.442
516.107788	8.467
511.264954	8.492
505.730286	8.517
517.491455	8.541
515.415955	8.566
524.40979	8.591
519.566956	8.617
521.642456	8.642
520.258789	8.666
528.560791	8.692
518.875122	8.718
526.485291	8.743
532.711792	8.768
532.019958	8.792
530.636292	8.818
539.630127	8.843
539.630127	8.868
539.630127	8.892
541.013794	8.916
545.164795	8.943
550.699463	8.967
543.781128	8.991
541.705627	9.016
550.007629	9.04
543.781128	9.065
546.548462	9.09
552.774963	9.115
549.315796	9.14
552.08313	9.164
546.548462	9.188
555.542297	9.211
557.617798	9.236
552.774963	9.261
557.617798	9.286
562.460632	9.311
559.693298	9.334
581.83197	9.361
565.227966	9.384
566.611633	9.41
571.454468	9.435
572.838135	9.458
574.221802	9.484
571.454468	9.509
578.372803	9.534
581.140137	9.559
585.982971	9.583
585.982971	9.609
588.750305	9.634
592.209473	9.659
588.750305	9.683
592.209473	9.707
589.442139	9.732
596.360474	9.757
610.888977	9.782
597.052307	9.807
601.203308	9.831
612.964478	9.855
614.348145	9.88
608.813477	9.905
610.888977	9.93
615.039978	9.954
619.190979	9.98
619.190979	10.002
620.574646	10.028
628.184814	10.053
627.492981	10.079
627.492981	10.104
624.725647	10.127
630.260315	10.152
635.103149	10.177
639.945984	10.202
639.25415	10.227
646.864319	10.25
641.329651	10.276
639.25415	10.301
651.707153	10.326
649.631653	10.351
654.474487	10.375
649.631653	10.401
655.166321	10.426
655.858154	10.452
662.776489	10.476
660.009155	10.501
666.235657	10.526
663.468323	10.551
669.694824	10.577
670.386658	10.601
671.078491	10.626
690.449829	10.651
674.537659	10.675
675.921326	10.7
681.455994	10.725
685.606995	10.749
682.839661	10.774
689.757996	10.799
696.676331	10.824
698.751831	10.849
680.76416	10.873
690.449829	10.899
684.223328	10.924
694.60083	10.949
709.129333	10.974
702.210999	10.998
694.60083	11.024
697.368164	11.049
691.833496	11.074
692.52533	11.099
710.513	11.124
703.594666	11.149
703.594666	11.174
713.280334	11.199
708.4375	11.224
715.355835	11.249
717.431335	11.274
716.739502	11.299
715.355835	11.324
720.890503	11.349
718.815002	11.373
722.27417	11.399
733.343506	11.424
725.041504	11.45
724.34967	11.475
727.808838	11.499
730.576172	11.525
738.878174	11.55
734.727173	11.576
736.11084	11.599
736.11084	11.624
749.255676	11.649
756.865845	11.673
741.645508	11.699
736.802673	11.724
748.563843	11.748
750.639343	11.772
749.255676	11.797
756.174011	11.823
754.098511	11.847
761.016846	11.872
758.941345	11.897
764.476013	11.921
761.016846	11.946
767.935181	11.971
761.708679	11.996
762.400513	12.021
768.627014	12.044
774.161682	12.069
774.161682	12.094
781.771851	12.119
776.237183	12.144
780.388184	12.168
782.463684	12.194
783.847351	12.219
785.231018	12.244
784.539185	12.268
793.53302	12.293
801.835022	12.318
795.608521	12.343
796.300354	12.368
796.992187	12.393
801.835022	12.418
805.294189	12.443
801.143188	12.468
803.218689	12.493
801.143188	12.518
812.212524	12.542
821.20636	12.568
817.055359	12.593
805.294189	12.618
823.973694	12.643
825.357361	12.667
821.20636	12.693
832.967529	12.719
829.508362	12.744
836.426697	12.769
833.659363	12.792
836.426697	12.818
839.885864	12.843
834.351196	12.868
848.187866	12.893
839.885864	12.918
846.804199	12.943
846.112366	12.968
841.269531	12.993
846.112366	13.018
848.8797	13.042
847.496033	13.068
848.187866	13.093
850.263367	13.118
844.036865	13.143
850.9552	13.168
857.181702	13.193
846.112366	13.218
852.338867	13.243
855.798035	13.268
855.798035	13.293
864.79187	13.318
860.640869	13.343
856.489868	13.368
865.483704	13.393
864.79187	13.418
869.634705	13.443
873.785706	13.468
871.710205	13.493
873.785706	13.518
879.320374	13.542
877.936707	13.568
877.244873	13.593
885.546875	13.618
891.081543	13.643
895.924377	13.668
888.314209	13.694
888.314209	13.719
895.924377	13.744
900.767212	13.769
899.383545	13.792
909.069214	13.818
908.37738	13.843
909.761047	13.868
911.144714	13.893
911.836548	13.918
925.673218	13.944
915.987549	13.968
913.912048	13.993
924.289551	14.018
933.283386	14.042
936.05072	14.068
931.207886	14.093
936.05072	14.118
941.585388	14.143
941.585388	14.168
949.195557	14.193
938.818054	14.218
951.962891	14.243
947.120056	14.267
949.195557	14.293
958.881226	14.318
956.805725	14.343
954.730225	14.368
960.264893	14.393
960.956726	14.418
960.264893	14.443
960.264893	14.467
965.799561	14.492
960.956726	14.517
968.566895	14.542
974.101562	14.567
974.793396	14.592
979.63623	14.617
973.409729	14.642
984.479065	14.667
982.403564	14.692
983.095398	14.717
970.642395	14.742
985.862732	14.767
996.240234	14.792
987.246399	14.817
989.321899	14.842
992.781067	14.867
999.007568	14.892
993.4729	14.917
1000.391235	14.942
996.240234	14.967
1003.850403	14.992
1005.925903	15.017
1001.083069	15.042
1002.466736	15.067
1010.076904	15.092
1014.919739	15.117
1011.460571	15.142
1015.611572	15.167
1000.391235	15.193
1002.466736	15.218
1011.460571	15.243
1012.844238	15.268
1019.07074	15.293
1029.448242	15.318
1022.529907	15.343
1021.838074	15.368
1028.064575	15.393
1019.762573	15.418
1017.687073	15.443
1030.831909	15.468
1034.291077	15.493
1029.448242	15.518
1037.058411	15.543
1037.750244	15.568
1037.058411	15.593
1024.605408	15.618
1044.668579	15.643
1046.74408	15.668
1047.435913	15.693
1050.203247	15.718
1050.895081	15.744
1050.203247	15.769
1052.970581	15.793
1055.737915	15.818
1061.272583	15.843
1067.499084	15.868
1048.127747	15.893
1064.73175	15.918
1070.958252	15.943
1072.341919	15.968
1082.719421	15.993
1085.486755	16.018
1075.109253	16.043
1084.103088	16.068
1084.103088	16.093
1086.870422	16.118
1089.637756	16.143
1091.713257	16.167
1086.870422	16.193
1091.021423	16.218
1095.172424	16.243
1102.782593	16.268
1097.247925	16.293
1105.549927	16.318
1120.770264	16.343
1109.700928	16.368
1108.317261	16.393
1119.386597	16.418
1114.543762	16.443
1120.07843	16.468
1118.00293	16.493
1120.770264	16.518
1125.613098	16.543
1126.304932	16.568
1126.996765	16.593
1130.455933	16.618
1129.764099	16.643
1129.764099	16.667
1132.531433	16.694
1125.613098	16.719
1141.525269	16.745
1135.990601	16.769
1134.606934	16.793
1139.449768	16.818
1141.525269	16.843
1151.902771	16.868
1137.374268	16.893
1143.600769	16.918
1138.757935	16.943
1136.682434	16.968
1140.833435	16.993
1134.606934	17.018
1142.908936	17.043
1138.066101	17.068
1144.292603	17.093
1151.902771	17.118
1141.525269	17.143
1138.066101	17.168
1141.525269	17.194
1145.67627	17.219
1146.368103	17.245
1136.682434	17.269
1144.984436	17.293
1139.449768	17.318
1150.519104	17.343
1169.198608	17.368
1160.896606	17.393
1158.821106	17.418
1181.651611	17.443
1165.047607	17.468
1170.582275	17.493
1179.576111	17.518
1176.808777	17.543
1176.116943	17.569
1183.035278	17.593
1201.714783	17.618
1183.727112	17.643
1189.26178	17.668
1203.790283	17.693
1192.720947	17.718
1192.720947	17.743
1210.708618	17.768
1198.255615	17.793
1197.563782	17.819
1203.09845	17.843
1197.563782	17.868
1205.17395	17.893
1207.249451	17.918
1210.016785	17.943
1215.551453	17.968
1216.93512	17.994
1218.318787	18.018
1216.93512	18.043
1221.086121	18.068
1223.161621	18.093
1223.853455	18.119
1230.079956	18.142
1232.155457	18.167
1230.079956	18.192
1235.614624	18.217
1234.230957	18.242
1236.998291	18.267
1239.073792	18.292
1238.381958	18.318
1243.224792	18.342
1252.218628	18.368
1249.451294	18.392
1252.218628	18.417
1256.369629	18.442
1254.985962	18.467
1268.130798	18.493
1265.363464	18.517
1257.061462	18.542
1266.747131	18.567
1269.514465	18.592
1266.747131	18.617
1277.124634	18.642
1281.967468	18.667
1293.728638	18.694
1279.200134	18.719
1277.816467	18.744
1284.734802	18.769
1286.810303	18.793
1297.187805	18.819
1297.187805	18.844
1287.502136	18.869
1299.955139	18.894
1296.495972	18.918
1298.571472	18.943
1299.955139	18.968
1303.414307	18.994
1305.489807	19.018
1299.263306	19.043
1302.03064	19.068
1309.640808	19.093
1304.10614	19.118
1307.565308	19.143
1310.332642	19.168
1317.94281	19.193
1317.250977	19.218
1321.401978	19.244
1326.244812	19.268
1322.785645	19.293
1322.785645	19.319
1326.244812	19.343
1334.546814	19.368
1334.546814	19.393
1335.930481	19.418
1333.85498	19.443
1333.85498	19.468
1346.307983	19.494
1336.622314	19.518
1342.156982	19.543
1358.069153	19.568
1348.383484	19.593
1347.69165	19.618
1345.61615	19.643
1352.534485	19.668
1351.842651	19.694
1352.534485	19.718
1354.609985	19.744
1360.144653	19.768
1365.679321	19.793
1360.144653	19.819
1363.603821	19.843
1364.987488	19.869
1363.603821	19.893
1371.213989	19.918
1375.36499	19.943
1375.36499	19.968
1381.591492	19.993
1375.36499	20.018
1385.742493	20.043
1389.20166	20.069
1388.509827	20.093
1387.817993	20.118
1396.811829	20.143
1389.893494	20.168
1396.119995	20.194
1388.509827	20.219
1394.044495	20.247
1396.811829	20.272
1403.730164	20.296
1398.887329	20.322
1402.346497	20.347
1396.811829	20.372
1396.811829	20.397
1405.113831	20.421
1409.264832	20.446
1402.346497	20.471
1412.723999	20.496
1418.258667	20.521
1421.717834	20.545
1436.246338	20.571
1433.479004	20.595
1428.636169	20.62
1425.868835	20.645
1436.246338	20.669
1434.170837	20.694
1425.868835	20.719
1442.472839	20.745
1427.944336	20.769
1438.321838	20.793
1439.013672	20.819
1441.089172	20.843
1449.391174	20.868
1451.466675	20.893
1449.391174	20.918
1456.309509	20.944
1454.234009	20.968
1458.38501	20.994
1452.850342	21.018
1457.693176	21.043
1469.454346	21.069
1458.38501	21.093
1468.070679	21.118
1463.227844	21.143
1461.152344	21.168
1472.22168	21.194
1459.076843	21.218
1465.995178	21.243
1467.378845	21.268
1468.070679	21.293
1472.22168	21.319
1479.140015	21.343
1479.140015	21.368
1473.605347	21.393
1474.29718	21.418
1471.529846	21.444
1470.146179	21.468
1492.284851	21.494
1489.517517	21.518
1498.511353	21.543
1488.825684	21.568
1506.813354	21.593
1508.197021	21.619
1493.668518	21.644
1506.121521	21.668
1502.662354	21.694
1508.197021	21.718
1510.272522	21.744
1513.039856	21.768
1513.039856	21.793
1516.499023	21.819
1518.574524	21.843
1524.801025	21.869
1521.341858	21.893
1522.725525	21.918
1537.254028	21.944
1532.411194	21.968
1540.713196	21.994
1537.945862	22.018
1543.48053	22.043
1543.48053	22.068
1545.55603	22.093
1545.55603	22.119
1549.015198	22.143
1553.858032	22.168
1558.009033	22.194
1559.3927	22.219
1546.939697	22.245
1571.15387	22.269
1561.468201	22.293
1573.22937	22.319
1565.619202	22.343
1576.688538	22.368
1570.462036	22.393
1571.845703	22.418
1587.757874	22.444
1584.298706	22.468
1587.757874	22.493
1582.915039	22.518
1587.757874	22.543
1580.839539	22.568
1589.833374	22.593
1583.606873	22.618
1596.751709	22.643
1589.833374	22.668
1609.896545	22.696
1598.135376	22.721
1599.519043	22.746
1606.437378	22.771
1611.280212	22.795
1606.437378	22.821
1608.512878	22.845
1605.053711	22.871
1611.280212	22.895
1611.280212	22.919
1605.053711	22.945
1618.198547	22.969
1618.198547	22.995
1610.588379	23.019
1620.965881	23.043
1623.733215	23.068
1616.81488	23.093
1632.035217	23.118
1627.884216	23.143
1627.884216	23.168
1627.884216	23.194
1636.186218	23.218
1636.878052	23.244
1638.953552	23.268
1637.569885	23.293
1637.569885	23.319
1638.261719	23.342
1638.261719	23.368
1646.563721	23.392
1639.645386	23.417
1650.714722	23.443
1645.180054	23.467
1653.482056	23.492
1652.790222	23.517
1653.482056	23.542
1660.400391	23.567
1659.016724	23.592
1663.167725	23.617
1660.400391	23.642
1661.092224	23.667
1669.394226	23.693
1651.406555	23.717
1668.010559	23.743
1672.16156	23.767
1676.312561	23.792
1678.388062	23.817
1677.696228	23.841
1674.928894	23.867
1679.079895	23.891
1696.375732	23.916
1688.765564	23.942
1688.07373	23.966
1689.457397	23.992
1684.614563	24.016
1694.300232	24.041
1696.375732	24.066
1701.218567	24.091
1696.375732	24.117
1702.602234	24.142
1706.753235	24.167
1709.520569	24.193
1706.753235	24.217
1707.445068	24.243
1708.828735	24.267
1715.74707	24.292
1720.589905	24.318
1720.589905	24.342
1722.665405	24.368
1728.200073	24.392
1728.200073	24.417
1731.659241	24.443
1733.734741	24.467
1735.118408	24.493
1737.193909	24.517
1735.810242	24.542
1742.036743	24.567
1751.722412	24.592
1748.263245	24.618
1747.571411	24.642
1744.804077	24.667
1750.338745	24.693
1755.873413	24.718
1753.797913	24.743
1757.948914	24.768
1759.332581	24.793
1760.716248	24.819
1762.099915	24.842
1769.710083	24.867
1764.175415	24.892
1769.01825	24.917
1765.559082	24.942
1769.710083	24.967
1773.16925	24.993
1772.477417	25.017
1778.703918	25.042
1769.01825	25.067
1770.401917	25.092
1775.244751	25.117
1771.09375	25.142
1775.936584	25.167
1775.936584	25.193
1783.546753	25.217
1779.395752	25.243
1776.628418	25.268
1780.779419	25.293
1785.622253	25.319
1788.389587	25.343
1784.238586	25.369
1792.540588	25.392
1795.307922	25.418
1797.383423	25.444
1794.616089	25.468
1798.76709	25.494
1798.075256	25.518
1802.226257	25.543
1806.377258	25.569
1803.609924	25.594
1806.377258	25.62
1805.685425	25.644
1811.220093	25.668
1825.056763	25.694
1818.138428	25.718
1811.911926	25.744
1820.213928	25.768
1820.905762	25.793
1823.673096	25.819
1822.289429	25.842
1825.056763	25.867
1833.358765	25.892
1830.591431	25.917
1834.050598	25.943
1826.44043	25.967
1836.126099	25.992
1840.2771	26.017
1839.585266	26.042
1837.509766	26.067
1844.428101	26.092
1842.3526	26.118
1847.195435	26.142
1846.503601	26.167
1851.346436	26.192
1851.346436	26.217
1854.805603	26.242
1854.805603	26.267
1849.270935	26.292
1861.723938	26.317
1854.805603	26.342
1861.723938	26.368
1863.799438	26.392
1870.02594	26.417
1865.874939	26.443
1865.874939	26.467
1868.642273	26.493
1875.560608	26.517
1878.327942	26.542
1870.02594	26.567
1877.636108	26.592
1880.403442	26.618
1883.86261	26.642
1865.183105	26.667
1882.478943	26.693
1880.403442	26.717
1885.93811	26.743
1878.327942	26.767
1906.001282	26.792
1894.931946	26.818
1892.164612	26.842
1892.856445	26.868
1896.315613	26.892
1898.391113	26.917
1897.69928	26.943
1893.548279	26.967
1901.850281	26.992
1899.77478	27.017
1904.617615	27.042
1901.850281	27.068
1914.303284	27.092
1901.158447	27.117
1911.53595	27.142
1911.53595	27.167
1908.768616	27.193
1909.460449	27.217
1911.53595	27.242
1908.768616	27.267
1908.076782	27.292
1905.309448	27.318
1916.378784	27.342
1926.064453	27.368
1919.837952	27.392
1914.995117	27.417
1922.605286	27.443
1924.680786	27.467
1928.831787	27.493
1928.831787	27.517
1919.146118	27.542
1929.523621	27.568
1928.139954	27.592
1933.674622	27.618
1923.988953	27.642
1932.290955	27.667
1925.37262	27.693
1927.44812	27.717
1933.674622	27.743
1934.366455	27.767
1935.058289	27.792
1943.360291	27.818
1937.133789	27.841
1941.976624	27.868
1943.360291	27.892
1947.511292	27.917
1948.203125	27.943
1939.901123	27.967
1946.819458	27.993
1956.505127	28.017
1949.586792	28.042
1955.12146	28.068
1954.429626	28.092
1956.505127	28.118
1957.888794	28.142
1963.423462	28.167
1959.272461	28.193
1955.12146	28.217
1953.737793	28.242
1972.417297	28.267
1957.888794	28.292
1963.423462	28.318
1963.423462	28.342
1966.190796	28.367
1963.423462	28.392
1965.498962	28.417
1968.95813	28.443
1962.039795	28.467
1972.417297	28.493
1971.03363	28.517
1976.568298	28.542
1972.417297	28.567
1984.8703	28.592
1982.7948	28.618
1977.260132	28.642
1991.788635	28.667
1973.800964	28.692
1988.329468	28.717
1983.486633	28.743
1987.637634	28.767
1979.335632	28.792
1989.021301	28.818
1988.329468	28.842
1990.404968	28.87
1994.555969	28.894
1995.247803	28.918
1995.939636	28.944
2004.241638	28.968
1995.247803	28.994
1998.70697	29.019
1994.555969	29.043
1995.247803	29.069
1996.63147	29.093
1992.480469	29.119
1998.70697	29.143
2004.241638	29.168
2004.241638	29.194
2005.625305	29.218
2004.241638	29.243
2011.159973	29.268
2011.159973	29.293
2002.857971	29.318
2023.612976	29.343
2019.461975	29.369
2022.229309	29.393
2015.310974	29.418
2008.392639	29.444
2018.078308	29.468
2027.763977	29.494
2019.461975	29.518
2025.688477	29.543
2025.688477	29.569
2022.229309	29.593
2027.072144	29.619
2036.065979	29.643
2030.531311	29.668
2034.682312	29.693
2035.374146	29.718
2036.065979	29.743
2036.757812	29.768
2036.757812	29.793
2045.751648	29.819
2045.059814	29.843
2039.525146	29.87
2031.223145	29.894
2043.676147	29.918
2045.751648	29.944
2045.751648	29.968
2042.984314	29.994
2033.990479	30.018
2055.437317	30.043
2051.286316	30.069
2048.518982	30.093
2042.29248	30.119
2050.594482	30.143
2051.978149	30.168
2045.059814	30.194
2041.600647	30.218
2054.05365	30.243
2062.355652	30.268
2050.594482	30.293
2060.280151	30.319
2069.273987	30.343
2053.361816	30.369
2052.669983	30.393
2063.739319	30.418
2064.431152	30.444
2066.506653	30.468
2072.733154	30.494
2067.198486	30.518
2070.657654	30.543
2073.424988	30.569
2081.72699	30.593
2063.739319	30.619
2068.582153	30.643
2072.733154	30.668
2074.808655	30.696
2078.267822	30.72
2077.575989	30.746
2076.884155	30.77
2074.808655	30.794
2076.884155	30.82
2077.575989	30.844
2081.035156	30.87
2080.343323	30.894
2074.116821	30.918
2082.418823	30.944
2099.714661	30.968
2085.186157	30.994
2076.192322	31.018
2074.116821	31.043
2084.494324	31.069
2078.959656	31.093
2082.418823	31.119
2087.953491	31.143
2089.337158	31.168
2084.494324	31.194
2090.028992	31.218
2090.720825	31.244
2107.324829	31.268
2099.022827	31.293
2094.179993	31.319
2092.796326	31.343
2097.63916	31.369
2080.343323	31.393
2104.557495	31.418
2099.022827	31.444
2101.790161	31.468
2104.557495	31.494
2095.56366	31.518
2104.557495	31.543
2103.173828	31.569
2110.783997	31.593
2105.249329	31.619
2108.016663	31.643
2106.632996	31.668
2104.557495	31.694
2111.47583	31.719
2107.324829	31.744
2105.941162	31.769
2114.243164	31.793
2110.783997	31.819
2105.249329	31.843
2103.173828	31.868
2122.545166	31.893
2126.696167	31.918
2128.771667	31.944
2113.551331	31.968
2117.010498	31.994
2109.40033	32.018
2126.696167	32.043
2115.626831	32.069
2119.085999	32.093
2115.626831	32.119
2129.463501	32.143
2122.545166	32.168
2113.551331	32.194
2126.004333	32.218
2132.922668	32.244
2119.777832	32.268
2125.3125	32.293
2123.928833	32.319
2123.237	32.343
2127.388	32.369
2122.545166	32.393
2126.696167	32.418
2132.922668	32.444
2133.614502	32.469
2134.998169	32.495
2133.614502	32.519
2139.841003	32.543
2136.381836	32.569
2144.683838	32.593
2142.608337	32.619
2149.526672	32.643
2142.608337	32.668
2144.683838	32.696
2144.683838	32.721
2148.143005	32.746
2141.22467	32.771
2152.294006	32.795
2146.067505	32.821
2149.526672	32.845
2146.759338	32.87
2155.06134	32.895
2148.834839	32.919
2158.520508	32.945
2167.514343	32.969
2157.828674	32.995
2161.287842	33.019
2161.287842	33.043
2160.596008	33.069
2157.828674	33.093
2158.520508	33.119
2155.06134	33.143
2164.747009	33.168
2168.89801	33.194
2170.973511	33.218
2177.891846	33.244
2168.206177	33.268
2161.287842	33.293
2159.904175	33.319
2172.357178	33.343
2169.589844	33.369
2180.65918	33.393
2156.445007	33.418
2168.206177	33.444
2171.665344	33.468
2177.891846	33.494
2174.432678	33.518
2175.124512	33.543
2173.049011	33.569
2180.65918	33.593
2178.583679	33.619
2189.653015	33.643
2174.432678	33.668
2184.118347	33.694
2181.351013	33.718
2177.891846	33.744
2185.502014	33.768
2182.73468	33.793
2187.577515	33.819
2188.269348	33.843
2180.65918	33.869
2194.49585	33.893
2189.653015	33.918
2191.036682	33.944
2186.885681	33.968
2206.257019	33.994
2198.646851	34.018
2195.187683	34.043
2197.263184	34.069
2192.420349	34.093
2195.879517	34.119
2186.885681	34.143
2203.489685	34.168
2200.722351	34.194
2203.489685	34.218
2202.106018	34.244
2204.181519	34.268
2204.873352	34.293
2203.489685	34.319
2202.106018	34.343
2204.873352	34.369
2205.565186	34.393
2218.018188	34.418
2205.565186	34.444
2228.395691	34.468
2209.024353	34.494
2213.867187	34.518
2210.40802	34.543
2210.40802	34.569
2213.867187	34.593
2207.640686	34.619
2227.703857	34.643
2215.942688	34.668
2215.250854	34.697
2215.942688	34.721
2222.169189	34.747
2212.483521	34.771
2224.936523	34.795
2227.703857	34.821
2216.634521	34.845
2222.169189	34.871
2237.389526	34.895
2224.24469	34.919
2220.785522	34.945
2226.32019	34.969
2227.703857	34.995
2230.471191	35.019
2230.471191	35.043
2227.703857	35.069
2231.854858	35.093
2229.087524	35.119
2231.163025	35.143
2213.867187	35.168
2230.471191	35.194
2227.703857	35.218
2233.238525	35.244
2240.15686	35.269
2228.395691	35.296
2229.779358	35.322
2227.703857	35.346
2236.005859	35.371
2236.005859	35.396
2234.622192	35.42
2241.540527	35.446
2240.848694	35.471
2239.465027	35.496
2236.005859	35.521
2240.848694	35.545
2242.924194	35.571
2243.616028	35.595
2245.691528	35.621
2255.377197	35.645
2235.314026	35.669
2247.767029	35.695
2249.842529	35.719
2244.307861	35.745
2248.458862	35.77
2243.616028	35.794
2255.377197	35.82
2235.314026	35.844
2253.99353	35.87
2243.616028	35.894
2251.226196	35.918
2257.452698	35.944
2253.99353	35.968
2261.603699	35.994
2274.748535	36.018
2256.760864	36.043
2259.528198	36.069
2260.220032	36.093
2264.371033	36.119
2265.062866	36.143
2269.213867	36.168
2264.371033	36.194
2266.446533	36.219
2262.295532	36.245
2260.220032	36.269
2272.673035	36.293
2256.760864	36.319
2266.446533	36.344
2271.289368	36.37
2282.358704	36.394
2259.528198	36.418
2269.213867	36.444
2287.201538	36.468
2279.59137	36.494
2265.7547	36.518
2255.377197	36.543
2277.515869	36.569
2285.817871	36.593
2279.59137	36.619
2276.824036	36.643
2274.748535	36.668
2272.673035	36.694
2273.364868	36.719
2269.905701	36.745
2262.295532	36.769
2290.660706	36.793
2283.050537	36.819
2265.7547	36.843
2278.899536	36.869
2279.59137	36.893
2266.446533	36.918
2272.673035	36.944
2265.7547	36.968
2285.817871	36.994
2274.748535	37.018
2276.824036	37.043
2269.905701	37.069
2276.824036	37.093
2269.905701	37.119
2269.213867	37.143
2275.440369	37.168
2285.126038	37.194
2285.126038	37.219
2280.975037	37.245
2276.824036	37.269
2284.434204	37.292
2289.968872	37.319
2285.817871	37.343
2297.579041	37.369
2287.893372	37.393
2281.66687	37.418
2296.887207	37.444
2295.50354	37.469
2294.119873	37.495
2290.660706	37.519
2290.660706	37.543
2296.887207	37.569
2285.126038	37.593
2295.50354	37.619
2287.201538	37.643
2288.585205	37.668
2296.195374	37.694
2285.817871	37.718
2296.887207	37.744
2301.038208	37.768
2293.42804	37.793
2298.962708	37.819
2296.195374	37.843
2298.962708	37.869
2289.968872	37.893
2298.962708	37.918
2291.352539	37.944
2307.956543	37.968
2305.189209	37.994
2301.730042	38.019
2300.346375	38.043
2305.189209	38.069
2310.032043	38.094
2310.723877	38.12
2306.572876	38.144
2307.956543	38.168
2305.881042	38.194
2306.572876	38.219
2296.887207	38.245
2305.189209	38.27
2316.258545	38.294
2318.334045	38.32
2312.799377	38.345
2321.101379	38.371
2314.874878	38.395
2310.032043	38.419
2316.950378	38.445
2313.491211	38.47
2310.723877	38.496
2316.258545	38.521
2318.334045	38.545
2326.636047	38.571
2312.799377	38.595
2307.956543	38.621
2310.723877	38.646
2318.334045	38.671
2310.723877	38.698
2324.560547	38.723
2317.642212	38.748
2321.793213	38.772
2312.799377	38.797
2322.485046	38.823
2317.642212	38.847
2316.258545	38.871
2316.950378	38.896
2307.956543	38.92
2319.025879	38.946
2321.101379	38.971
2323.868713	38.996
2321.793213	39.021
2325.944214	39.045
2311.41571	39.071
2330.095215	39.095
2314.183044	39.121
2319.717712	39.146
2322.485046	39.17
2319.025879	39.196
2323.17688	39.221
2304.497375	39.246
2323.17688	39.271
2326.636047	39.295
2331.478882	39.321
2326.636047	39.346
2323.868713	39.371
2321.793213	39.396
2323.17688	39.42
2329.403381	39.446
2331.478882	39.471
2331.478882	39.496
2330.095215	39.521
2320.409546	39.545
2334.938049	39.571
2327.327881	39.596
2326.636047	39.621
2339.780884	39.646
2324.560547	39.67
2334.246216	39.697
2330.095215	39.721
2329.403381	39.746
2332.170715	39.771
2323.17688	39.795
2327.327881	39.821
2330.095215	39.846
2329.403381	39.87
2337.705383	39.895
2337.705383	39.919
2332.170715	39.945
2337.01355	39.97
2341.164551	39.996
2338.397217	40.02
2323.868713	40.044
2340.472717	40.07
2341.164551	40.095
2337.01355	40.121
2338.397217	40.146
2347.391052	40.17
2348.774719	40.196
2344.623718	40.221
2337.705383	40.246
2340.472717	40.271
2339.780884	40.295
2335.629883	40.321
2339.08905	40.346
2346.007385	40.371
2357.076721	40.396
2339.780884	40.42
2343.240051	40.446
2343.931885	40.471
2348.082886	40.496
2348.774719	40.521
2346.007385	40.545
2336.321716	40.571
2343.240051	40.596
2335.629883	40.621
2358.460388	40.646
2355.693054	40.67
2355.693054	40.696
2339.780884	40.721
2337.705383	40.746
2358.460388	40.771
2355.001221	40.795
2356.384888	40.821
2355.001221	40.846
2356.384888	40.87
2366.070557	40.895
2356.384888	40.919
2353.617554	40.945
2358.460388	40.97
2365.378723	40.996
2363.995056	41.021
2361.919556	41.045
2360.535889	41.071
2358.460388	41.095
2352.233887	41.121
2366.070557	41.146
2355.001221	41.17
2360.535889	41.196
2369.529724	41.221
2358.460388	41.246
2370.913391	41.271
2363.303223	41.295
2376.448059	41.321
2357.768555	41.346
2372.988892	41.371
2372.297058	41.396
2368.146057	41.42
2358.460388	41.446
2365.378723	41.471
2370.913391	41.496
2357.768555	41.521
2366.070557	41.545
2382.674561	41.571
2381.290894	41.596
2374.372559	41.621
2371.605225	41.646
2376.448059	41.67
2366.76239	41.697
2366.76239	41.721
2368.837891	41.746
2376.448059	41.771
2381.982727	41.795
2361.227722	41.821
2374.372559	41.846
2384.750061	41.871
2374.372559	41.896
2379.215393	41.92
2377.831726	41.946
2370.221558	41.971
2374.372559	41.996
2368.146057	42.021
2384.058228	42.045
2377.831726	42.071
2380.59906	42.096
2375.756226	42.121
2377.831726	42.146
2384.750061	42.17
2375.756226	42.196
2377.831726	42.221
2377.139893	42.246
2377.139893	42.271
2377.831726	42.295
2378.52356	42.322
2378.52356	42.346
2386.133728	42.371
2397.203064	42.396
2378.52356	42.42
2379.907227	42.446
2384.750061	42.471
2395.127563	42.496
2390.284729	42.521
2390.976562	42.545
2401.354065	42.571
2386.825562	42.596
2388.209229	42.621
2395.819397	42.646
2386.133728	42.67
2392.360229	42.696
2383.366394	42.721
2384.750061	42.746
2385.441895	42.771
2379.907227	42.795
2387.517395	42.821
2392.360229	42.845
2383.366394	42.871
2386.825562	42.896
2386.825562	42.92
2383.366394	42.946
2392.360229	42.971
2394.43573	42.996
2388.901062	43.021
2392.360229	43.045
2387.517395	43.071
2385.441895	43.096
2391.668396	43.121
2403.429565	43.146
2393.052063	43.17
2386.825562	43.196
2381.982727	43.221
2383.366394	43.246
2394.43573	43.271
2395.819397	43.295
2398.586731	43.321
2396.51123	43.346
2389.592896	43.371
2399.278564	43.396
2395.127563	43.42
2397.203064	43.446
2386.825562	43.471
2390.976562	43.496
2390.976562	43.521
2399.278564	43.545
2392.360229	43.571
2399.970398	43.596
2393.052063	43.621
2388.901062	43.646
2386.133728	43.67
2386.825562	43.697
2384.750061	43.721
2381.982727	43.746
2388.209229	43.771
2377.831726	43.795
2394.43573	43.821
2392.360229	43.846
2393.743896	43.871
2388.901062	43.897
2380.59906	43.921
2394.43573	43.947
2395.819397	43.972
2393.052063	43.997
2384.750061	44.022
2395.819397	44.046
2405.505066	44.072
2389.592896	44.097
2391.668396	44.122
2397.203064	44.147
2401.354065	44.171
2393.052063	44.197
2385.441895	44.222
2393.743896	44.247
2384.058228	44.272
2385.441895	44.296
2380.59906	44.322
2379.907227	44.347
2383.366394	44.372
2377.139893	44.397
2384.058228	44.421
2377.139893	44.447
2388.901062	44.472
2376.448059	44.497
2379.907227	44.522
2386.133728	44.546
2366.76239	44.572
2367.454224	44.597
2388.209229	44.622
2386.825562	44.647
2379.215393	44.671
2377.831726	44.7
2377.139893	44.724
2371.605225	44.749
2370.221558	44.775
2381.982727	44.8
2377.139893	44.826
2375.064392	44.851
2377.139893	44.876
2386.133728	44.904
2372.297058	44.928
2373.680725	44.954
2371.605225	44.979
2370.221558	45.003
2380.59906	45.029
2371.605225	45.054
2378.52356	45.079
2381.982727	45.104
2368.837891	45.128
2376.448059	45.154
2361.919556	45.179
2373.680725	45.204
2373.680725	45.229
2375.756226	45.253
2367.454224	45.28
2378.52356	45.305
2363.995056	45.33
2363.995056	45.355
2370.913391	45.379
2377.139893	45.405
2376.448059	45.43
2370.913391	45.455
2389.592896	45.48
2379.907227	45.504
2386.825562	45.53
2372.988892	45.555
2379.215393	45.58
2382.674561	45.605
2381.982727	45.629
2391.668396	45.655
2379.215393	45.68
2400.662231	45.705
2379.215393	45.73
2366.76239	45.754
2390.284729	45.78
2378.52356	45.805
2367.454224	45.83
2387.517395	45.855
2379.215393	45.879
2386.825562	45.906
2391.668396	45.93
2382.674561	45.955
2381.290894	45.98
2379.215393	46.004
2380.59906	46.03
2382.674561	46.055
2384.058228	46.08
2381.290894	46.105
2375.064392	46.129
2374.372559	46.156
2370.221558	46.18
2376.448059	46.205
2375.064392	46.23
2353.617554	46.254
2367.454224	46.28
2372.297058	46.305
2366.76239	46.33
2360.535889	46.355
2371.605225	46.379
2363.303223	46.405
2361.227722	46.43
2370.913391	46.455
2357.768555	46.48
2366.070557	46.504
2376.448059	46.53
2366.070557	46.555
2362.611389	46.58
2373.680725	46.605
2359.844055	46.629
2372.297058	46.655
2374.372559	46.679
2359.844055	46.705
2370.913391	46.73
2372.297058	46.754
2371.605225	46.78
2367.454224	46.805
2384.058228	46.83
2365.378723	46.855
2362.611389	46.879
2348.774719	46.907
2375.064392	46.931
2361.919556	46.956
2377.139893	46.98
2372.297058	47.005
2368.146057	47.031
2372.988892	47.056
2367.454224	47.081
2360.535889	47.105
2367.454224	47.13
2370.221558	47.156
2366.76239	47.181
2372.297058	47.206
2357.768555	47.23
2371.605225	47.255
2364.68689	47.281
2370.913391	47.306
2373.680725	47.331
2371.605225	47.355
2372.297058	47.38
2374.372559	47.406
2369.529724	47.431
2366.76239	47.456
2374.372559	47.48
2370.221558	47.505
2369.529724	47.531
2371.605225	47.556
2370.221558	47.581
2370.221558	47.605
2375.064392	47.63
2377.139893	47.656
2371.605225	47.681
2372.988892	47.706
2369.529724	47.73
2370.221558	47.755
2366.070557	47.781
2372.297058	47.806
2370.913391	47.831
2369.529724	47.855
2372.297058	47.88
2372.988892	47.906
2372.297058	47.931
2376.448059	47.956
2370.913391	47.98
2386.825562	48.005
2378.52356	48.031
2379.215393	48.056
2370.221558	48.081
2375.756226	48.105
2374.372559	48.13
2377.831726	48.156
2361.919556	48.181
2372.297058	48.206
2355.693054	48.23
2370.913391	48.255
2369.529724	48.281
2354.309387	48.305
2363.995056	48.331
2364.68689	48.355
2361.227722	48.38
2364.68689	48.406
2355.693054	48.431
2357.076721	48.456
2354.309387	48.48
2360.535889	48.505
2359.844055	48.531
2359.152222	48.556
2360.535889	48.581
2353.617554	48.605
2342.548218	48.63
2357.076721	48.656
2340.472717	48.68
2355.001221	48.706
2356.384888	48.73
2362.611389	48.755
2351.542053	48.781
2357.076721	48.806
2354.309387	48.831
2356.384888	48.855
2370.221558	48.88
2352.92572	48.906
2357.768555	48.931
2349.466553	48.956
2360.535889	48.98
2355.693054	49.005
2352.233887	49.031
2357.076721	49.056
2349.466553	49.081
2350.158386	49.105
2350.158386	49.13
2357.768555	49.156
2348.774719	49.181
2340.472717	49.206
2348.774719	49.23
2326.636047	49.255
2348.082886	49.281
2334.938049	49.306
2349.466553	49.331
2356.384888	49.355
2353.617554	49.38
2350.85022	49.406
2344.623718	49.431
2341.856384	49.456
2366.76239	49.48
2354.309387	49.505
2337.01355	49.531
2351.542053	49.556
2349.466553	49.581
2352.233887	49.605
2348.774719	49.631
2346.699219	49.657
2352.92572	49.682
2343.931885	49.707
2352.233887	49.733
2346.699219	49.758
2335.629883	49.784
2345.315552	49.809
2335.629883	49.834
2340.472717	49.86
2336.321716	49.884
2334.938049	49.911
2337.01355	49.935
2334.938049	49.959
2331.478882	49.985
2336.321716	50.01
2328.019714	50.036
2337.705383	50.061
2329.403381	50.085
2333.554382	50.111
2343.240051	50.136
2336.321716	50.162
2328.019714	50.187
2325.25238	50.211
2334.938049	50.237
2319.025879	50.262
2332.862549	50.288
2336.321716	50.316
2329.403381	50.341
2328.711548	50.367
2329.403381	50.392
2336.321716	50.417
2318.334045	50.443
2325.25238	50.468
2329.403381	50.494
2334.246216	50.519
2329.403381	50.543
2331.478882	50.57
2333.554382	50.595
2334.246216	50.621
2333.554382	50.646
2323.868713	50.67
2330.787048	50.7
2334.246216	50.725
2327.327881	50.75
2325.944214	50.777
2321.793213	50.802
2325.25238	50.828
2325.25238	50.853
2317.642212	50.877
2328.711548	50.903
2328.019714	50.928
2324.560547	50.954
2316.950378	50.979
2321.793213	51.003
2332.862549	51.03
2316.258545	51.055
2317.642212	51.08
2317.642212	51.105
2314.183044	51.129
2306.572876	51.155
2314.183044	51.18
2310.723877	51.205
2306.572876	51.23
2310.723877	51.254
2309.34021	51.281
2302.421875	51.305
2313.491211	51.33
2308.648376	51.355
2311.41571	51.379
2310.723877	51.406
2309.34021	51.43
2307.956543	51.455
2314.874878	51.48
2310.723877	51.504
2309.34021	51.531
2323.868713	51.556
2309.34021	51.581
2314.874878	51.605
2312.799377	51.63
2310.032043	51.656
2312.799377	51.681
2307.264709	51.706
2310.723877	51.73
2314.183044	51.755
2305.189209	51.782
2294.119873	51.806
2316.950378	51.831
2306.572876	51.855
2307.956543	51.879
2308.648376	51.905
2307.264709	51.93
2309.34021	51.955
2307.264709	51.98
2310.032043	52.004
2306.572876	52.031
2328.019714	52.056
2319.717712	52.081
2309.34021	52.105
2306.572876	52.13
2305.189209	52.157
2305.189209	52.181
2304.497375	52.206
2307.264709	52.23
2297.579041	52.255
2296.887207	52.282
2301.038208	52.307
2302.421875	52.332
2294.119873	52.358
2294.811707	52.383
2295.50354	52.409
2292.044373	52.434
2305.189209	52.459
2298.962708	52.485
2285.817871	52.51
2298.962708	52.536
2300.346375	52.561
2298.962708	52.585
2282.358704	52.611
2296.887207	52.636
2300.346375	52.662
2294.811707	52.686
2292.044373	52.711
2293.42804	52.737
2294.811707	52.762
2297.579041	52.788
2300.346375	52.813
2286.509705	52.837
2296.195374	52.864
2296.195374	52.888
2292.044373	52.914
2287.201538	52.938
2286.509705	52.963
2290.660706	52.99
2286.509705	53.014
2289.277039	53.039
2290.660706	53.063
2283.742371	53.088
2285.817871	53.115
2286.509705	53.14
2276.132202	53.165
2281.66687	53.192
2289.277039	53.217
2280.975037	53.244
2284.434204	53.269
2274.056702	53.293
2272.673035	53.319
2287.893372	53.344
2282.358704	53.371
2281.66687	53.396
2283.742371	53.42
2282.358704	53.447
2281.66687	53.472
2284.434204	53.497
2292.044373	53.522
2277.515869	53.546
2285.817871	53.573
2283.050537	53.597
2286.509705	53.622
2285.126038	53.647
2283.742371	53.671
2282.358704	53.699
2262.295532	53.724
2282.358704	53.749
2279.59137	53.776
2274.056702	53.801
2277.515869	53.828
2280.975037	53.852
2278.207703	53.876
2258.836365	53.903
2277.515869	53.927
2266.446533	53.954
2272.673035	53.979
2264.371033	54.003
2266.446533	54.03
2257.452698	54.055
2258.836365	54.08
2256.760864	54.105
2242.232361	54.129
2254.685364	54.156
2256.069031	54.181
2251.226196	54.206
2244.999695	54.23
2243.616028	54.255
2249.150696	54.282
2245.691528	54.307
2244.307861	54.332
2246.383362	54.359
2242.232361	54.384
2242.924194	54.411
2243.616028	54.436
2235.314026	54.46
2230.471191	54.486
2231.854858	54.511
2232.546692	54.538
2235.314026	54.563
2232.546692	54.587
2232.546692	54.613
2234.622192	54.638
2232.546692	54.663
2239.465027	54.688
2225.628357	54.712
2213.867187	54.738
2223.552856	54.763
2226.32019	54.788
2224.24469	54.813
2227.703857	54.837
2222.861023	54.864
2231.854858	54.888
2220.785522	54.914
2222.861023	54.938
2225.628357	54.963
2218.710022	54.99
2214.559021	55.015
2220.785522	55.04
2215.942688	55.066
2216.634521	55.092
2210.40802	55.119
2228.395691	55.144
2225.628357	55.168
2211.791687	55.195
2217.326355	55.22
2213.867187	55.247
2211.099854	55.272
2217.326355	55.296
2215.250854	55.323
2214.559021	55.347
2216.634521	55.373
2215.942688	55.397
2209.716187	55.422
2223.552856	55.449
2213.175354	55.474
2210.40802	55.499
2218.710022	55.525
2215.942688	55.55
2206.257019	55.576
2211.791687	55.602
2220.785522	55.626
2220.785522	55.653
2226.32019	55.677
2210.40802	55.704
2209.716187	55.728
2216.634521	55.752
2206.257019	55.779
2214.559021	55.804
2204.873352	55.829
2200.030518	55.854
2209.716187	55.878
2198.646851	55.904
2192.420349	55.929
2191.036682	55.954
2198.646851	55.979
2188.269348	56.003
2188.269348	56.03
2188.269348	56.055
2173.740845	56.08
2171.665344	56.105
2177.891846	56.129
2170.281677	56.156
2164.747009	56.181
2166.82251	56.206
2161.979675	56.23
2161.979675	56.255
2159.212341	56.282
2157.136841	56.307
2164.055176	56.332
2146.759338	56.358
2165.438843	56.383
2150.218506	56.409
2157.828674	56.435
2158.520508	56.459
2157.136841	56.485
2160.596008	56.51
2155.753174	56.536
2157.828674	56.562
2152.98584	56.586
2149.526672	56.612
2159.212341	56.639
2155.753174	56.664
2155.753174	56.688
2145.375671	56.713
2150.910339	56.739
2146.067505	56.765
2140.532837	56.79
2128.771667	56.816
2137.765503	56.841
2136.381836	56.868
2137.765503	56.891
2139.14917	56.917
2120.469666	56.943
2101.098328	56.969
2096.255493	56.995
2092.104492	57.021
2094.179993	57.045
2081.72699	57.071
2072.733154	57.096
2079.651489	57.121
2069.96582	57.146
2083.80249	57.17
2067.198486	57.196
2069.96582	57.222
2067.89032	57.247
2069.96582	57.272
2067.89032	57.296
2067.198486	57.323
2083.80249	57.348
2072.733154	57.375
2074.808655	57.401
2069.273987	57.427
2060.280151	57.453
2065.814819	57.478
2076.884155	57.502
2061.663818	57.529
2060.971985	57.554
2066.506653	57.579
2069.273987	57.604
2072.733154	57.628
2060.971985	57.655
2061.663818	57.68
2074.808655	57.705
2069.273987	57.73
2060.971985	57.754
2063.739319	57.781
2064.431152	57.806
2057.512817	57.831
2063.047485	57.855
2061.663818	57.881
2067.198486	57.908
2055.437317	57.933
2063.047485	57.958
2062.355652	57.985
2065.122986	58.01
2059.588318	58.037
2054.05365	58.062
2058.204651	58.086
2058.204651	58.114
2073.424988	58.138
2060.280151	58.163
2051.286316	58.188
2054.745483	58.212
2048.518982	58.238
2056.820984	58.264
2049.902649	58.289
2047.827148	58.313
2058.896484	58.338
2039.525146	58.364
2040.908813	58.389
2056.12915	58.414
2048.518982	58.438
2055.437317	58.463
2050.594482	58.489
2055.437317	58.515
2047.135315	58.54
2045.059814	58.566
2049.902649	58.592
2042.29248	58.62
2042.984314	58.644
2048.518982	58.668
2056.820984	58.695
2045.059814	58.72
2047.135315	58.746
2053.361816	58.772
2042.984314	58.796
2044.367981	58.823
2037.449646	58.848
2051.978149	58.873
2040.908813	58.9
2045.059814	58.925
2046.443481	58.951
2038.141479	58.977
2038.833313	59.001
2036.065979	59.028
2019.461975	59.053
2043.676147	59.079
2028.455811	59.105
2040.908813	59.129
2045.751648	59.156
2033.298645	59.181
2036.757812	59.206
2036.065979	59.23
2037.449646	59.255
2036.065979	59.282
2028.455811	59.307
2020.153809	59.332
2031.223145	59.358
2033.298645	59.383
2033.298645	59.41
2032.606812	59.435
2031.914978	59.459
2029.147644	59.485
2033.990479	59.511
2027.763977	59.538
2038.833313	59.563
2020.845642	59.587
2029.839478	59.614
2027.072144	59.639
2016.694641	59.664
1993.864136	59.688
1964.115295	59.713
1955.12146	59.74
1960.656128	59.765
1959.272461	59.79
1957.19696	59.817
1948.894958	59.842
1943.360291	59.869
1945.435791	59.894
1951.662292	59.92
1944.743958	59.947
1948.203125	59.972
1952.354126	59.997
1948.203125	60.022
1953.737793	60.046
1942.668457	60.073
1942.668457	60.098
1946.127625	60.123
1951.662292	60.147
1947.511292	60.172
1947.511292	60.198
1948.203125	60.224
1945.435791	60.249
1946.127625	60.276
1948.894958	60.301
1950.278625	60.328
1937.133789	60.353
1957.19696	60.377
1952.354126	60.404
1959.272461	60.429
1953.737793	60.454
1948.203125	60.479
1954.429626	60.503
1953.045959	60.53
1946.127625	60.555
1955.813293	60.58
1950.970459	60.605
1950.278625	60.629
1944.052124	60.656
1946.819458	60.68
1948.894958	60.706
1946.127625	60.73
1951.662292	60.756
1947.511292	60.783
1949.586792	60.808
1952.354126	60.833
1946.127625	60.859
1947.511292	60.885
1941.976624	60.911
1941.976624	60.936
1935.750122	60.96
1931.599121	60.987
1927.44812	61.012
1937.133789	61.038
1930.907288	61.063
1928.139954	61.088
1928.139954	61.115
1930.215454	61.14
1938.517456	61.165
1928.139954	61.192
1930.907288	61.217
1921.913452	61.244
1926.756287	61.269
1923.297119	61.293
1928.139954	61.32
1912.227783	61.345
1924.680786	61.371
1921.913452	61.397
1917.070618	61.421
1922.605286	61.448
1927.44812	61.473
1928.139954	61.498
1937.133789	61.522
1925.37262	61.547
1935.750122	61.573
1929.523621	61.599
1928.831787	61.624
1939.20929	61.651
1932.290955	61.676
1935.058289	61.703
1930.215454	61.728
1937.825623	61.752
1939.901123	61.778
1928.831787	61.804
1938.517456	61.829
1947.511292	61.854
1928.831787	61.878
1928.139954	61.904
1928.139954	61.929
1926.756287	61.954
1921.221619	61.979
1924.680786	62.003
1921.221619	62.03
1921.221619	62.055
1915.686951	62.08
1912.919617	62.105
1907.384949	62.129
1909.460449	62.156
1917.762451	62.181
1912.227783	62.206
1897.69928	62.23
1899.77478	62.255
1892.856445	62.282
1897.69928	62.307
1896.315613	62.332
1895.623779	62.358
1889.397278	62.383
1893.548279	62.41
1894.931946	62.435
1895.623779	62.459
1889.397278	62.485
1885.246277	62.511
1892.164612	62.537
1896.315613	62.563
1883.86261	62.587
1879.711609	62.614
1883.170776	62.639
1881.095276	62.664
1884.554443	62.688
1882.478943	62.713
1878.327942	62.74
1885.93811	62.765
1873.485107	62.79
1880.403442	62.818
1874.176941	62.842
1881.787109	62.869
1876.252441	62.894
1876.944275	62.918
1879.019775	62.945
1878.327942	62.97
1879.019775	62.997
1869.334106	63.022
1878.327942	63.046
1876.944275	63.073
1867.258606	63.098
1873.485107	63.123
1865.874939	63.147
1855.497437	63.172
1869.334106	63.198
1865.183105	63.223
1862.415771	63.248
1858.264771	63.275
1871.409607	63.3
1866.566772	63.326
1869.334106	63.352
1857.572937	63.376
1858.956604	63.403
1861.032104	63.428
1853.421936	63.454
1854.805603	63.48
1854.11377	63.504
1856.18927	63.531
1849.962769	63.556
1857.572937	63.581
1848.579102	63.605
1852.038269	63.63
1849.962769	63.656
1847.887268	63.682
1843.044434	63.707
1847.887268	63.733
1844.428101	63.758
1849.270935	63.785
1846.503601	63.81
1840.968933	63.834
1841.660767	63.86
1835.434265	63.886
1843.736267	63.911
1841.660767	63.937
1838.201599	63.962
1849.270935	63.988
1838.201599	64.013
1836.126099	64.038
1836.817932	64.063
1832.666931	64.088
1843.044434	64.115
1829.899597	64.14
1841.660767	64.165
1827.824097	64.193
1827.824097	64.217
1828.51593	64.244
1833.358765	64.269
1828.51593	64.293
1827.824097	64.319
1828.51593	64.345
1825.056763	64.372
1825.056763	64.397
1825.056763	64.421
1826.44043	64.448
1821.597595	64.473
1827.132263	64.498
1823.673096	64.526
1822.289429	64.551
1823.673096	64.577
1819.522095	64.603
1827.132263	64.627
1815.371094	64.654
1825.748596	64.678
1825.748596	64.705
1816.062927	64.73
1822.289429	64.755
1826.44043	64.782
1831.975098	64.807
1820.213928	64.832
1823.673096	64.86
1825.056763	64.884
1827.824097	64.909
1809.144592	64.935
1816.062927	64.959
1820.213928	64.985
1822.981262	65.011
1828.51593	65.037
1816.754761	65.062
1818.830261	65.087
1827.132263	65.114
1813.987427	65.139
1820.905762	65.164
1818.138428	65.188
1818.138428	65.213
1819.522095	65.24
1820.905762	65.265
1818.138428	65.29
1818.138428	65.317
1820.905762	65.342
1818.830261	65.373
1811.911926	65.41
1819.522095	65.435
1816.754761	65.459
1808.452759	65.485
1816.062927	65.51
1816.062927	65.536
1820.213928	65.561
1811.220093	65.585
1820.213928	65.611
1809.144592	65.637
1818.138428	65.663
1820.213928	65.688
1816.062927	65.713
1819.522095	65.739
1809.836426	65.765
1820.905762	65.79
1816.062927	65.816
1811.220093	65.841
1812.60376	65.867
1813.987427	65.892
1816.754761	65.916
1814.67926	65.944
1825.056763	65.969
1818.138428	65.995
1819.522095	66.021
1809.144592	66.045
1811.911926	66.071
1813.987427	66.097
1817.446594	66.122
1817.446594	66.147
1814.67926	66.172
1815.371094	66.198
1818.830261	66.223
1816.754761	66.248
1806.377258	66.276
1815.371094	66.301
1822.981262	66.327
1812.60376	66.353
1825.056763	66.377
1811.911926	66.403
1816.062927	66.428
1820.905762	66.454
1816.754761	66.479
1818.138428	66.503
1816.062927	66.529
1820.213928	66.555
1820.213928	66.58
1818.138428	66.605
1816.754761	66.63
1820.213928	66.656
1816.062927	66.68
1815.371094	66.706
1819.522095	66.73
1819.522095	66.756
1818.830261	66.782
1816.754761	66.808
1822.981262	66.833
1812.60376	66.861
1822.981262	66.886
1809.144592	66.913
1820.213928	66.938
1821.597595	66.963
1818.830261	66.991
1836.817932	67.016
1794.616089	67.041
1814.67926	67.069
1818.830261	67.094
1820.213928	67.12
1824.364929	67.145
1821.597595	67.169
1818.830261	67.195
1829.207764	67.221
1816.062927	67.246
1822.981262	67.272
1813.987427	67.296
1809.144592	67.323
1822.981262	67.348
1820.213928	67.373
1821.597595	67.401
1818.138428	67.425
1814.67926	67.451
1817.446594	67.476
1825.748596	67.501
1830.591431	67.529
1809.836426	67.554
1822.289429	67.579
1818.830261	67.604
1830.591431	67.628
1803.609924	67.654
1820.213928	67.68
1810.528259	67.705
1811.911926	67.73
1817.446594	67.755
1816.062927	67.782
1817.446594	67.807
1817.446594	67.833
1825.748596	67.859
1815.371094	67.884