Load	Time	
-26.981506	0.000000
-44.277344	0.022000
-24.906006	0.046000
-26.289673	0.069000
-31.824341	0.093000
-28.365173	0.116000
-20.063171	0.140000
-28.365173	0.163000
-26.981506	0.186000
-31.824341	0.209000
-28.365173	0.231000
-41.510010	0.255000
-45.661011	0.278000
-31.132507	0.302000
-22.830505	0.325000
-29.057007	0.348000
-28.365173	0.371000
-23.522339	0.394000
-30.440674	0.417000
-22.138672	0.439000
-28.365173	0.463000
-24.214172	0.486000
-19.371338	0.510000
-35.283508	0.533000
-35.283508	0.557000
-29.057007	0.580000
-26.289673	0.603000
-21.446838	0.626000
-26.289673	0.648000
-22.138672	0.672000
-33.899841	0.695000
-30.440674	0.719000
-28.365173	0.742000
-27.673340	0.765000
-22.830505	0.788000
-28.365173	0.811000
-27.673340	0.834000
-43.585510	0.856000
-39.434509	0.880000
-29.057007	0.903000
-38.050842	0.927000
-30.440674	0.950000
-26.981506	0.973000
-30.440674	0.996000
-29.748840	1.019000
-33.899841	1.042000
-24.214172	1.064000
-33.899841	1.088000
-31.824341	1.111000
-28.365173	1.135000
-25.597839	1.158000
-38.050842	1.182000
-35.283508	1.205000
-25.597839	1.228000
-22.138672	1.251000
-36.667175	1.273000
-34.591675	1.297000
-29.057007	1.320000
-29.748840	1.344000
-34.591675	1.367000
-28.365173	1.390000
-27.673340	1.413000
-29.748840	1.436000
-29.748840	1.459000
-20.755005	1.481000
-31.824341	1.505000
-29.748840	1.528000
-34.591675	1.552000
-27.673340	1.575000
-29.057007	1.598000
-34.591675	1.621000
-25.597839	1.644000
-31.824341	1.667000
-21.446838	1.689000
-28.365173	1.713000
-38.742676	1.736000
-30.440674	1.760000
-31.132507	1.783000
-38.742676	1.807000
-33.899841	1.830000
-27.673340	1.853000
-27.673340	1.876000
-20.755005	1.898000
-32.516174	1.922000
-31.824341	1.945000
-23.522339	1.969000
-24.906006	1.992000
-24.214172	2.015000
-17.987671	2.038000
-29.748840	2.061000
-26.289673	2.084000
-13.836670	2.106000
-40.818176	2.130000
-20.755005	2.153000
-22.830505	2.177000
-31.824341	2.200000
-17.295837	2.223000
-24.906006	2.246000
-27.673340	2.269000
-42.201843	2.292000
-25.597839	2.314000
-41.510010	2.338000
-33.899841	2.361000
-31.824341	2.385000
-34.591675	2.408000
-33.208008	2.432000
-25.597839	2.455000
-25.597839	2.478000
-31.132507	2.501000
-34.591675	2.523000
-31.824341	2.547000
-31.132507	2.570000
-29.057007	2.594000
-31.132507	2.617000
-31.132507	2.640000
-24.214172	2.663000
-28.365173	2.686000
-27.673340	2.709000
-24.906006	2.731000
-39.434509	2.755000
-30.440674	2.778000
-31.132507	2.802000
-29.057007	2.825000
-23.522339	2.848000
-27.673340	2.871000
-24.906006	2.894000
-24.906006	2.917000
-23.522339	2.939000
-25.597839	2.963000
-29.748840	2.986000
-28.365173	3.010000
-32.516174	3.033000
-13.836670	3.057000
-26.981506	3.080000
-36.667175	3.103000
-29.748840	3.126000
-27.673340	3.148000
-11.761169	3.172000
-26.981506	3.195000
-21.446838	3.219000
-29.748840	3.242000
-26.289673	3.265000
-22.138672	3.288000
-13.836670	3.311000
-28.365173	3.334000
-42.201843	3.356000
-20.755005	3.380000
-22.830505	3.403000
-30.440674	3.427000
-31.132507	3.450000
-28.365173	3.473000
-29.748840	3.496000
-27.673340	3.519000
-30.440674	3.542000
-30.440674	3.564000
-23.522339	3.588000
-15.912170	3.611000
-28.365173	3.635000
-34.591675	3.658000
-23.522339	3.682000
-39.434509	3.705000
-22.830505	3.728000
-28.365173	3.751000
-23.522339	3.773000
-32.516174	3.797000
-28.365173	3.820000
-31.132507	3.844000
-34.591675	3.867000
-19.371338	3.890000
-35.975342	3.913000
-28.365173	3.936000
-26.981506	3.959000
-26.289673	3.981000
-26.981506	4.005000
-23.522339	4.028000
-26.981506	4.052000
-34.591675	4.075000
-24.906006	4.098000
-26.981506	4.121000
-28.365173	4.144000
-40.818176	4.167000
-37.359009	4.189000
-29.748840	4.213000
-31.132507	4.236000
-24.906006	4.260000
-23.522339	4.283000
-26.289673	4.307000
-29.057007	4.330000
-38.050842	4.353000
-24.214172	4.376000
-42.893677	4.398000
-29.057007	4.422000
-31.824341	4.445000
-27.673340	4.469000
-28.365173	4.492000
-35.975342	4.515000
-31.824341	4.538000
-23.522339	4.561000
-29.057007	4.584000
-24.906006	4.606000
-25.597839	4.630000
-38.050842	4.653000
-28.365173	4.677000
-49.120178	4.700000
-32.516174	4.723000
-20.063171	4.746000
-22.830505	4.769000
-28.365173	4.792000
-24.906006	4.814000
-30.440674	4.838000
-33.899841	4.861000
-27.673340	4.885000
-26.981506	4.908000
-29.057007	4.932000
-26.981506	4.955000
-43.585510	4.978000
-37.359009	5.001000
-21.446838	5.023000
-26.289673	5.047000
-33.208008	5.070000
-38.050842	5.094000
-30.440674	5.117000
-34.591675	5.140000
-26.981506	5.163000
-30.440674	5.186000
-28.365173	5.209000
-36.667175	5.231000
-22.138672	5.255000
-24.906006	5.278000
-25.597839	5.302000
-29.057007	5.325000
-28.365173	5.348000
-22.830505	5.371000
-28.365173	5.394000
-35.283508	5.417000
-23.522339	5.439000
-26.981506	5.463000
-27.673340	5.486000
-29.748840	5.510000
-36.667175	5.533000
-27.673340	5.557000
-28.365173	5.580000
-16.604004	5.603000
-26.981506	5.626000
-32.516174	5.648000
-28.365173	5.672000
-17.987671	5.695000
-44.969177	5.719000
-29.057007	5.742000
-21.446838	5.765000
-24.214172	5.788000
-31.824341	5.811000
-30.440674	5.834000
-25.597839	5.856000
-26.289673	5.880000
-35.283508	5.903000
-23.522339	5.927000
-26.289673	5.950000
-33.208008	5.973000
-32.516174	5.996000
-23.522339	6.019000
-28.365173	6.042000
-35.283508	6.064000
-35.975342	6.088000
-38.050842	6.111000
-27.673340	6.135000
-23.522339	6.158000
-29.057007	6.182000
-26.981506	6.205000
-31.132507	6.228000
-27.673340	6.251000
-28.365173	6.273000
-22.138672	6.297000
-18.679504	6.320000
-25.597839	6.344000
-24.214172	6.367000
-22.830505	6.390000
-29.748840	6.413000
-28.365173	6.436000
-22.830505	6.459000
-35.975342	6.481000
-33.208008	6.505000
-35.283508	6.528000
-28.365173	6.552000
-50.503845	6.575000
-34.591675	6.598000
-35.975342	6.621000
-29.748840	6.644000
-22.830505	6.667000
-33.208008	6.689000
-38.742676	6.713000
-26.981506	6.736000
-34.591675	6.760000
-31.824341	6.783000
-17.987671	6.807000
-35.283508	6.830000
-19.371338	6.853000
-26.289673	6.876000
-27.673340	6.898000
-29.057007	6.922000
-31.824341	6.945000
-20.755005	6.969000
-31.132507	6.992000
-31.132507	7.015000
-29.057007	7.038000
-36.667175	7.061000
-28.365173	7.084000
-26.981506	7.106000
-29.748840	7.130000
-29.057007	7.153000
-28.365173	7.177000
-29.057007	7.200000
-32.516174	7.223000
-20.755005	7.246000
-25.597839	7.269000
-27.673340	7.292000
-30.440674	7.314000
-40.818176	7.338000
-24.214172	7.361000
-31.132507	7.385000
-25.597839	7.408000
-15.912170	7.432000
-27.673340	7.455000
-25.597839	7.478000
-30.440674	7.501000
-20.755005	7.523000
-31.824341	7.547000
-44.277344	7.570000
-31.132507	7.594000
-26.289673	7.617000
-22.138672	7.640000
-27.673340	7.663000
-20.755005	7.686000
-23.522339	7.709000
-29.748840	7.731000
-30.440674	7.755000
-24.906006	7.778000
-29.748840	7.802000
-26.981506	7.825000
-38.742676	7.848000
-29.057007	7.871000
-39.434509	7.894000
-31.824341	7.917000
-21.446838	7.939000
-25.597839	7.963000
-26.289673	7.986000
-31.132507	8.010000
-34.591675	8.033000
-29.057007	8.057000
-15.912170	8.080000
-44.277344	8.103000
-29.057007	8.126000
-21.446838	8.148000
-15.912170	8.172000
-36.667175	8.195000
-19.371338	8.219000
-33.899841	8.242000
-26.981506	8.265000
-26.289673	8.288000
-29.057007	8.311000
-31.132507	8.334000
-16.604004	8.356000
-31.824341	8.380000
-40.126343	8.403000
-31.824341	8.427000
-17.295837	8.450000
-20.755005	8.473000
-38.050842	8.496000
-35.283508	8.519000
-40.818176	8.542000
-26.981506	8.564000
-21.446838	8.588000
-29.057007	8.611000
-30.440674	8.635000
-27.673340	8.658000
-23.522339	8.682000
-14.528503	8.705000
-26.981506	8.728000
-31.132507	8.751000
-30.440674	8.773000
-26.289673	8.797000
-35.283508	8.820000
-36.667175	8.844000
-27.673340	8.867000
-35.975342	8.890000
-35.975342	8.913000
-40.126343	8.936000
-23.522339	8.959000
-23.522339	8.981000
-22.830505	9.005000
-30.440674	9.028000
-19.371338	9.052000
-26.289673	9.075000
-24.214172	9.098000
-22.830505	9.121000
-29.057007	9.144000
-26.981506	9.167000
-27.673340	9.189000
-29.748840	9.213000
-22.830505	9.236000
-22.138672	9.260000
-29.748840	9.283000
-41.510010	9.307000
-31.132507	9.330000
-45.661011	9.353000
-28.365173	9.376000
-37.359009	9.398000
-24.214172	9.422000
-26.981506	9.445000
-27.673340	9.469000
-30.440674	9.492000
-37.359009	9.515000
-26.289673	9.538000
-30.440674	9.561000
-26.981506	9.584000
-27.673340	9.606000
-38.050842	9.630000
-26.289673	9.653000
-32.516174	9.677000
-27.673340	9.700000
-15.220337	9.723000
-23.522339	9.746000
-24.906006	9.769000
-26.981506	9.792000
-24.906006	9.814000
-35.975342	9.838000
-28.365173	9.861000
-31.132507	9.885000
-31.132507	9.908000
-29.748840	9.932000
-24.906006	9.955000
-29.057007	9.978000
-21.446838	10.003000
-24.214172	10.026000
-27.673340	10.050000
-28.365173	10.073000
-42.201843	10.097000
-18.679504	10.120000
-20.063171	10.143000
-33.899841	10.166000
-38.050842	10.188000
-20.063171	10.212000
-26.981506	10.235000
-29.057007	10.259000
-26.289673	10.282000
-29.057007	10.306000
-12.453003	10.329000
-24.214172	10.352000
-32.516174	10.375000
-17.295837	10.397000
-31.132507	10.421000
-31.824341	10.444000
-26.981506	10.468000
-23.522339	10.491000
-31.132507	10.515000
-29.748840	10.538000
-22.830505	10.561000
-24.906006	10.584000
-24.214172	10.606000
-20.063171	10.630000
-22.830505	10.653000
-25.597839	10.677000
-33.208008	10.700000
-27.673340	10.723000
-28.365173	10.746000
-21.446838	10.769000
-18.679504	10.792000
-23.522339	10.814000
-26.981506	10.840000
-37.359009	10.863000
-29.748840	10.887000
-33.208008	10.910000
-29.057007	10.933000
-38.050842	10.956000
-31.132507	10.979000
-27.673340	11.003000
-25.597839	11.026000
-37.359009	11.050000
-28.365173	11.073000
-38.050842	11.097000
-31.132507	11.120000
-27.673340	11.143000
-22.830505	11.166000
-22.138672	11.188000
-32.516174	11.212000
-22.138672	11.235000
-25.597839	11.259000
-27.673340	11.282000
-28.365173	11.306000
-21.446838	11.329000
-30.440674	11.352000
-29.748840	11.375000
-38.050842	11.397000
-29.057007	11.421000
-28.365173	11.444000
-29.748840	11.468000
-29.748840	11.491000
-30.440674	11.515000
-24.906006	11.538000
-26.981506	11.561000
-29.748840	11.584000
-28.365173	11.606000
-26.289673	11.630000
-24.906006	11.653000
-36.667175	11.677000
-24.906006	11.700000
-43.585510	11.723000
-24.214172	11.746000
-32.516174	11.769000
-25.597839	11.792000
-23.522339	11.814000
-29.057007	11.838000
-28.365173	11.861000
-33.899841	11.885000
-19.371338	11.908000
-28.365173	11.932000
-29.748840	11.955000
-15.912170	11.978000
-24.906006	12.001000
-22.138672	12.023000
-35.283508	12.047000
-26.981506	12.070000
-40.818176	12.094000
-33.899841	12.117000
-24.906006	12.140000
-35.283508	12.163000
-25.597839	12.186000
-30.440674	12.209000
-26.289673	12.231000
-24.214172	12.255000
-26.289673	12.278000
-20.755005	12.302000
-25.597839	12.325000
-28.365173	12.348000
-31.824341	12.371000
-29.748840	12.394000
-34.591675	12.417000
-29.057007	12.439000
-16.604004	12.463000
-27.673340	12.486000
-23.522339	12.510000
-33.899841	12.533000
-31.824341	12.557000
-31.132507	12.580000
-22.830505	12.603000
-29.748840	12.626000
-26.289673	12.648000
-27.673340	12.672000
-33.899841	12.695000
-36.667175	12.719000
-22.830505	12.742000
-27.673340	12.765000
-26.289673	12.788000
-22.138672	12.811000
-26.981506	12.834000
-31.132507	12.856000
-28.365173	12.880000
-29.057007	12.903000
-21.446838	12.927000
-45.661011	12.950000
-27.673340	12.973000
-28.365173	12.996000
-26.981506	13.019000
-33.899841	13.042000
-24.214172	13.064000
-31.132507	13.088000
-31.132507	13.111000
-28.365173	13.135000
-17.987671	13.158000
-29.057007	13.182000
-26.289673	13.205000
-18.679504	13.228000
-31.824341	13.251000
-29.057007	13.273000
-30.440674	13.297000
-40.126343	13.320000
-24.906006	13.344000
-26.289673	13.367000
-24.906006	13.390000
-29.057007	13.413000
-15.220337	13.436000
-21.446838	13.459000
-33.899841	13.481000
-26.981506	13.505000
-24.906006	13.528000
-28.365173	13.552000
-33.899841	13.575000
-26.289673	13.598000
-22.830505	13.621000
-27.673340	13.644000
-33.208008	13.667000
-33.899841	13.689000
-28.365173	13.713000
-41.510010	13.736000
-52.579346	13.760000
-34.591675	13.783000
-31.824341	13.807000
-22.830505	13.830000
-31.132507	13.853000
-29.748840	13.876000
-27.673340	13.898000
-41.510010	13.922000
-29.748840	13.945000
-31.824341	13.969000
-23.522339	13.992000
-26.289673	14.015000
-17.295837	14.038000
-29.057007	14.061000
-29.057007	14.084000
-26.981506	14.106000
-32.516174	14.130000
-28.365173	14.153000
-24.906006	14.177000
-20.063171	14.200000
-26.981506	14.223000
-28.365173	14.246000
-31.824341	14.269000
-22.830505	14.292000
-29.748840	14.314000
-29.057007	14.338000
-32.516174	14.361000
-29.748840	14.385000
-29.057007	14.408000
-16.604004	14.432000
-24.906006	14.455000
-30.440674	14.478000
-30.440674	14.501000
-33.208008	14.523000
-34.591675	14.547000
-32.516174	14.570000
-25.597839	14.594000
-31.824341	14.617000
-30.440674	14.640000
-28.365173	14.663000
-25.597839	14.686000
-33.899841	14.709000
-31.132507	14.731000
-26.981506	14.755000
-27.673340	14.778000
-33.208008	14.802000
-30.440674	14.825000
-19.371338	14.849000
-31.824341	14.872000
-26.981506	14.895000
-30.440674	14.918000
-20.755005	14.940000
-31.824341	14.964000
-29.748840	14.987000
-8.993835	15.011000
-31.824341	15.034000
-22.830505	15.057000
-33.208008	15.080000
-33.208008	15.103000
-30.440674	15.126000
-27.673340	15.148000
-32.516174	15.172000
-28.365173	15.195000
-15.912170	15.219000
-24.906006	15.242000
-26.981506	15.265000
-29.057007	15.288000
-39.434509	15.311000
-32.516174	15.334000
-42.201843	15.356000
-13.144836	15.380000
-31.824341	15.403000
-29.748840	15.427000
-24.214172	15.450000
-20.755005	15.473000
-29.748840	15.496000
-35.283508	15.519000
-25.597839	15.542000
-38.742676	15.564000
-25.597839	15.588000
-27.673340	15.611000
-23.522339	15.635000
-24.906006	15.658000
-26.981506	15.682000
-29.057007	15.705000
-31.132507	15.728000
-29.057007	15.751000
-20.755005	15.773000
-22.138672	15.797000
-31.132507	15.820000
-31.132507	15.844000
-27.673340	15.867000
-25.597839	15.890000
-31.132507	15.913000
-32.516174	15.936000
-33.208008	15.959000
-38.050842	15.981000
-24.214172	16.005000
-45.661011	16.028000
-31.132507	16.052000
-29.748840	16.075000
-29.057007	16.098000
-32.516174	16.121000
-32.516174	16.144000
-22.830505	16.167000
-29.057007	16.189000
-20.063171	16.213000
-32.516174	16.236000
-29.748840	16.260000
-34.591675	16.283000
-27.673340	16.307000
-29.057007	16.330000
-33.208008	16.353000
-26.981506	16.376000
-36.667175	16.398000
-40.818176	16.422000
-26.981506	16.445000
-30.440674	16.469000
-35.975342	16.492000
-31.824341	16.515000
-31.824341	16.538000
-27.673340	16.561000
-27.673340	16.584000
-23.522339	16.606000
-29.748840	16.630000
-17.987671	16.653000
-33.208008	16.677000
-33.899841	16.700000
-35.975342	16.723000
-24.214172	16.746000
-20.063171	16.769000
-26.981506	16.792000
-20.063171	16.814000
-27.673340	16.839000
-29.057007	16.862000
-29.748840	16.886000
-29.748840	16.909000
-33.899841	16.932000
-31.132507	16.955000
-25.597839	16.978000
-31.132507	17.001000
-36.667175	17.023000
-35.283508	17.047000
-26.981506	17.070000
-29.057007	17.094000
-32.516174	17.117000
-29.057007	17.140000
-22.138672	17.163000
-41.510010	17.186000
-26.289673	17.209000
-29.057007	17.231000
-26.981506	17.255000
-29.748840	17.278000
-33.208008	17.302000
-31.132507	17.325000
-29.057007	17.348000
-19.371338	17.371000
-24.214172	17.394000
-28.365173	17.417000
-21.446838	17.439000
-24.906006	17.463000
-41.510010	17.486000
-21.446838	17.510000
-28.365173	17.533000
-30.440674	17.557000
-21.446838	17.580000
-32.516174	17.603000
-31.824341	17.626000
-31.824341	17.648000
-30.440674	17.672000
-26.981506	17.695000
-27.673340	17.719000
-33.208008	17.742000
-14.528503	17.765000
-26.289673	17.788000
-38.742676	17.811000
-28.365173	17.834000
-26.289673	17.856000
-19.371338	17.880000
-35.975342	17.903000
-16.604004	17.927000
-26.981506	17.950000
-28.365173	17.973000
-40.818176	17.996000
-31.824341	18.019000
-40.126343	18.042000
-29.748840	18.064000
-33.899841	18.088000
-20.063171	18.111000
-35.975342	18.135000
-31.132507	18.158000
-17.295837	18.182000
-47.044678	18.205000
-27.673340	18.228000
-22.138672	18.251000
-41.510010	18.273000
-30.440674	18.297000
-17.295837	18.320000
-26.981506	18.344000
-24.214172	18.367000
-33.208008	18.390000
-29.057007	18.413000
-30.440674	18.436000
-30.440674	18.459000
-25.597839	18.481000
-25.597839	18.505000
-29.057007	18.528000
-28.365173	18.552000
-31.132507	18.575000
-22.830505	18.598000
-31.132507	18.621000
-29.748840	18.644000
-29.748840	18.667000
-24.214172	18.689000
-31.132507	18.713000
-16.604004	18.736000
-24.214172	18.760000
-44.969177	18.783000
-24.906006	18.807000
-17.295837	18.830000
-30.440674	18.853000
-26.289673	18.876000
-29.748840	18.898000
-29.057007	18.922000
-31.824341	18.945000
-24.214172	18.969000
-26.981506	18.992000
-33.208008	19.015000
-29.057007	19.038000
-23.522339	19.061000
-29.748840	19.084000
-39.434509	19.106000
-31.132507	19.130000
-26.289673	19.153000
-17.295837	19.177000
-20.063171	19.200000
-18.679504	19.223000
-22.138672	19.246000
-22.830505	19.269000
-31.132507	19.292000
-37.359009	19.314000
-22.830505	19.338000
-33.899841	19.361000
-30.440674	19.385000
-30.440674	19.408000
-26.289673	19.432000
-17.295837	19.455000
-31.132507	19.478000
-40.818176	19.501000
-17.295837	19.523000
-29.057007	19.547000
-26.981506	19.570000
-40.126343	19.594000
-30.440674	19.617000
-29.748840	19.640000
-32.516174	19.663000
-27.673340	19.686000
-16.604004	19.709000
-26.981506	19.731000
-30.440674	19.755000
-23.522339	19.778000
-36.667175	19.802000
-31.824341	19.825000
-15.912170	19.848000
-32.516174	19.871000
-29.057007	19.894000
-16.604004	19.917000
-23.522339	19.939000
-26.981506	19.963000
-26.981506	19.986000
-14.528503	20.010000
-24.906006	20.034000
-24.906006	20.057000
-31.132507	20.080000
-21.446838	20.103000
-31.132507	20.126000
-37.359009	20.148000
-24.214172	20.172000
-34.591675	20.195000
-36.667175	20.219000
-23.522339	20.242000
-31.824341	20.265000
-20.063171	20.288000
-22.830505	20.311000
-27.673340	20.334000
-25.597839	20.356000
-39.434509	20.380000
-21.446838	20.403000
-29.748840	20.427000
-29.057007	20.450000
-29.057007	20.473000
-30.440674	20.496000
-49.120178	20.519000
-24.906006	20.542000
-24.214172	20.564000
-29.057007	20.588000
-18.679504	20.611000
-29.057007	20.635000
-26.981506	20.658000
-25.597839	20.682000
-28.365173	20.705000
-24.214172	20.728000
-29.748840	20.751000
-26.981506	20.773000
-17.987671	20.797000
-26.289673	20.820000
-41.510010	20.844000
-28.365173	20.867000
-35.283508	20.890000
-25.597839	20.913000
-22.830505	20.936000
-25.597839	20.959000
-14.528503	20.981000
-29.057007	21.005000
-22.138672	21.028000
-24.906006	21.052000
-24.906006	21.075000
-32.516174	21.098000
-31.132507	21.121000
-29.057007	21.144000
-30.440674	21.167000
-20.755005	21.189000
-24.214172	21.213000
-24.906006	21.236000
-17.987671	21.260000
-21.446838	21.283000
-18.679504	21.307000
-19.371338	21.330000
-24.906006	21.353000
-31.132507	21.376000
-30.440674	21.398000
-27.673340	21.422000
-31.824341	21.445000
-11.069336	21.469000
-26.289673	21.492000
-39.434509	21.515000
-43.585510	21.538000
-23.522339	21.561000
-39.434509	21.584000
-19.371338	21.606000
-29.057007	21.630000
-20.755005	21.653000
-27.673340	21.677000
-28.365173	21.700000
-16.604004	21.723000
-27.673340	21.746000
-35.283508	21.769000
-26.289673	21.792000
-34.591675	21.814000
-26.981506	21.838000
-39.434509	21.861000
-26.981506	21.885000
-33.899841	21.908000
-29.057007	21.932000
-26.981506	21.955000
-31.132507	21.978000
-32.516174	22.001000
-30.440674	22.023000
-19.371338	22.047000
-29.748840	22.070000
-21.446838	22.094000
-24.906006	22.117000
-13.836670	22.140000
-18.679504	22.163000
-28.365173	22.186000
-29.057007	22.209000
-26.981506	22.231000
-24.906006	22.255000
-33.899841	22.278000
-21.446838	22.302000
-33.899841	22.325000
-40.818176	22.348000
-22.830505	22.371000
-18.679504	22.394000
-16.604004	22.417000
-29.057007	22.439000
-24.214172	22.463000
-38.742676	22.486000
-26.289673	22.510000
-28.365173	22.533000
-23.522339	22.557000
-28.365173	22.580000
-26.981506	22.603000
-23.522339	22.626000
-28.365173	22.648000
-20.755005	22.672000
-26.289673	22.695000
-29.057007	22.719000
-28.365173	22.742000
-26.289673	22.765000
-36.667175	22.788000
-26.981506	22.811000
-36.667175	22.834000
-23.522339	22.856000
-29.057007	22.880000
-26.289673	22.903000
-30.440674	22.927000
-22.830505	22.950000
-32.516174	22.973000
-24.906006	22.996000
-26.289673	23.019000
-31.824341	23.042000
-36.667175	23.064000
-26.981506	23.088000
-33.899841	23.111000
-31.132507	23.135000
-33.899841	23.158000
-29.057007	23.182000
-42.201843	23.205000
-31.132507	23.228000
-30.440674	23.251000
-26.289673	23.273000
-35.975342	23.297000
-25.597839	23.320000
-37.359009	23.344000
-29.748840	23.367000
-22.830505	23.390000
-34.591675	23.413000
-26.981506	23.436000
-24.906006	23.459000
-21.446838	23.481000
-30.440674	23.505000
-28.365173	23.528000
-37.359009	23.552000
-35.283508	23.575000
-25.597839	23.598000
-30.440674	23.621000
-25.597839	23.644000
-28.365173	23.667000
-27.673340	23.689000
-32.516174	23.713000
-28.365173	23.736000
-26.289673	23.760000
-24.906006	23.783000
-22.830505	23.807000
-26.981506	23.830000
-26.289673	23.853000
-27.673340	23.876000
-35.975342	23.898000
-17.987671	23.922000
-24.214172	23.945000
-30.440674	23.969000
-32.516174	23.992000
-21.446838	24.015000
-28.365173	24.038000
-30.440674	24.061000
-22.830505	24.084000
-36.667175	24.106000
-26.981506	24.130000
-26.289673	24.153000
-35.975342	24.177000
-32.516174	24.200000
-28.365173	24.223000
-34.591675	24.246000
-22.138672	24.269000
-27.673340	24.292000
-31.132507	24.314000
-29.057007	24.338000
-26.289673	24.361000
-29.057007	24.385000
-31.824341	24.408000
-24.906006	24.432000
-20.063171	24.455000
-15.912170	24.478000
-21.446838	24.501000
-29.057007	24.523000
-24.906006	24.547000
-30.440674	24.570000
-24.214172	24.594000
-24.214172	24.617000
-26.981506	24.640000
-29.057007	24.663000
-20.063171	24.686000
-31.824341	24.709000
-34.591675	24.731000
-22.138672	24.755000
-14.528503	24.778000
-16.604004	24.802000
-34.591675	24.825000
-26.981506	24.848000
-26.981506	24.871000
-27.673340	24.894000
-31.824341	24.917000
-24.906006	24.939000
-22.138672	24.963000
-31.824341	24.986000
-29.748840	25.010000
-31.824341	25.033000
-31.132507	25.057000
-26.981506	25.080000
-33.899841	25.103000
-29.748840	25.126000
-19.371338	25.148000
-31.132507	25.172000
-26.289673	25.195000
-23.522339	25.219000
-26.981506	25.242000
-26.981506	25.265000
-28.365173	25.288000
-22.830505	25.311000
-34.591675	25.334000
-26.289673	25.356000
-29.057007	25.380000
-27.673340	25.403000
-24.214172	25.427000
-26.981506	25.450000
-26.289673	25.473000
-22.138672	25.496000
-25.597839	25.519000
-34.591675	25.542000
-25.597839	25.564000
-25.597839	25.588000
-29.057007	25.611000
-26.981506	25.635000
-23.522339	25.658000
-27.673340	25.682000
-31.824341	25.705000
-31.824341	25.728000
-29.057007	25.751000
-20.755005	25.773000
-31.824341	25.797000
-24.214172	25.820000
-31.824341	25.844000
-21.446838	25.867000
-36.667175	25.890000
-22.830505	25.913000
-26.289673	25.936000
-22.138672	25.959000
-18.679504	25.981000
-31.824341	26.005000
-15.220337	26.028000
-24.906006	26.052000
-21.446838	26.075000
-25.597839	26.098000
-25.597839	26.121000
-23.522339	26.144000
-21.446838	26.167000
-24.906006	26.189000
-20.063171	26.213000
-22.138672	26.236000
-27.673340	26.260000
-20.063171	26.283000
-24.906006	26.307000
-9.685669	26.330000
-27.673340	26.353000
-21.446838	26.376000
-18.679504	26.398000
-11.761169	26.422000
-11.761169	26.445000
-14.528503	26.469000
-15.220337	26.492000
-15.912170	26.515000
-15.220337	26.538000
-18.679504	26.561000
-12.453003	26.584000
-15.220337	26.606000
-6.226501	26.630000
-11.069336	26.653000
-20.063171	26.677000
-3.459167	26.700000
-15.912170	26.723000
-12.453003	26.746000
-10.377502	26.769000
-13.836670	26.792000
-9.685669	26.814000
-11.761169	26.838000
-8.993835	26.861000
-5.534668	26.885000
-11.069336	26.908000
-6.918335	26.932000
-5.534668	26.955000
-12.453003	26.978000
-10.377502	27.001000
-3.459167	27.023000
-0.691833	27.047000
-4.842834	27.070000
-4.842834	27.094000
-4.842834	27.117000
-0.691833	27.140000
-6.918335	27.163000
3.459167	27.186000
0.000000	27.209000
-16.604004	27.231000
-7.610168	27.255000
-2.075500	27.278000
-4.842834	27.302000
3.459167	27.325000
2.075500	27.348000
4.151001	27.371000
0.691833	27.394000
3.459167	27.417000
2.767334	27.439000
6.918335	27.463000
17.295837	27.486000
2.075500	27.510000
-2.075500	27.533000
6.918335	27.557000
8.302002	27.580000
10.377502	27.603000
6.226501	27.626000
4.151001	27.648000
10.377502	27.672000
7.610168	27.695000
9.685669	27.719000
16.604004	27.742000
4.151001	27.765000
15.220337	27.788000
2.767334	27.811000
11.069336	27.834000
15.220337	27.856000
23.522339	27.880000
25.597839	27.903000
20.063171	27.927000
12.453003	27.950000
16.604004	27.973000
15.912170	27.996000
18.679504	28.019000
11.761169	28.042000
32.516174	28.064000
11.761169	28.088000
27.673340	28.111000
21.446838	28.135000
18.679504	28.158000
21.446838	28.182000
18.679504	28.205000
14.528503	28.228000
20.755005	28.251000
24.214172	28.273000
27.673340	28.297000
18.679504	28.320000
24.906006	28.344000
28.365173	28.367000
24.214172	28.390000
32.516174	28.413000
22.138672	28.436000
20.063171	28.459000
20.063171	28.481000
18.679504	28.505000
25.597839	28.528000
24.214172	28.552000
21.446838	28.575000
27.673340	28.598000
26.289673	28.621000
20.755005	28.644000
19.371338	28.667000
30.440674	28.689000
20.755005	28.713000
40.818176	28.736000
30.440674	28.760000
37.359009	28.783000
37.359009	28.807000
31.132507	28.830000
28.365173	28.853000
38.742676	28.876000
43.585510	28.898000
31.824341	28.922000
35.283508	28.945000
45.661011	28.969000
33.899841	28.992000
40.818176	29.015000
40.126343	29.038000
35.283508	29.061000
47.044678	29.084000
40.818176	29.106000
43.585510	29.130000
42.201843	29.153000
41.510010	29.177000
53.271179	29.200000
38.742676	29.223000
56.730347	29.246000
44.277344	29.269000
56.038513	29.292000
50.503845	29.314000
51.887512	29.338000
56.730347	29.361000
53.271179	29.385000
61.573181	29.408000
50.503845	29.432000
56.038513	29.455000
39.434509	29.478000
58.114014	29.501000
38.742676	29.523000
47.044678	29.547000
54.654846	29.570000
69.183350	29.594000
60.881348	29.617000
57.422180	29.640000
55.346680	29.663000
65.724182	29.686000
60.189514	29.709000
51.887512	29.731000
63.648682	29.755000
57.422180	29.778000
55.346680	29.802000
72.642517	29.825000
73.334351	29.848000
65.724182	29.871000
71.950684	29.894000
69.183350	29.917000
71.258850	29.939000
70.567017	29.963000
76.101685	29.986000
74.718018	30.010000
80.944519	30.033000
65.724182	30.057000
74.718018	30.080000
74.026184	30.103000
70.567017	30.126000
72.642517	30.148000
72.642517	30.172000
73.334351	30.195000
80.944519	30.219000
69.875183	30.242000
71.258850	30.265000
78.177185	30.288000
78.177185	30.311000
76.101685	30.334000
81.636353	30.356000
87.862854	30.380000
83.020020	30.403000
78.869019	30.427000
79.560852	30.450000
81.636353	30.473000
74.718018	30.496000
94.089355	30.519000
82.328186	30.542000
81.636353	30.564000
97.548523	30.588000
87.171021	30.611000
89.246521	30.635000
83.020020	30.658000
74.026184	30.682000
87.862854	30.705000
89.246521	30.728000
91.322021	30.751000
90.630188	30.773000
89.938354	30.797000
102.391357	30.820000
88.554687	30.844000
89.246521	30.867000
85.787354	30.890000
91.322021	30.913000
91.322021	30.936000
69.183350	30.959000
97.548523	30.981000
98.932190	31.005000
93.397522	31.028000
96.856689	31.052000
101.699524	31.075000
91.322021	31.098000
93.397522	31.121000
101.699524	31.144000
100.315857	31.167000
98.240356	31.189000
94.781189	31.213000
101.699524	31.236000
101.699524	31.260000
100.315857	31.283000
95.473022	31.307000
98.932190	31.330000
115.536194	31.353000
107.234192	31.376000
109.309692	31.398000
105.158691	31.422000
116.919861	31.445000
108.617859	31.469000
109.309692	31.492000
110.693359	31.515000
112.077026	31.538000
111.385193	31.561000
112.768860	31.584000
110.001526	31.606000
118.995361	31.630000
108.617859	31.653000
110.001526	31.677000
116.228027	31.700000
123.838196	31.723000
115.536194	31.746000
118.303528	31.769000
113.460693	31.792000
107.234192	31.814000
110.001526	31.838000
131.448364	31.861000
120.379028	31.885000
107.234192	31.908000
125.913696	31.932000
113.460693	31.955000
125.913696	31.978000
119.687195	32.001000
121.762695	32.023000
112.768860	32.047000
125.221863	32.070000
116.228027	32.094000
127.989197	32.117000
125.221863	32.140000
140.442200	32.163000
125.221863	32.186000
136.983032	32.209000
141.825867	32.231000
123.146362	32.255000
134.907532	32.278000
132.140198	32.302000
141.134033	32.325000
136.983032	32.348000
146.668701	32.371000
132.832031	32.394000
140.442200	32.417000
136.291199	32.439000
140.442200	32.463000
139.058533	32.486000
139.058533	32.510000
129.372864	32.533000
127.297363	32.557000
132.140198	32.580000
141.134033	32.603000
136.983032	32.626000
134.215698	32.648000
141.134033	32.672000
147.360535	32.695000
133.523865	32.719000
131.448364	32.742000
124.530029	32.765000
134.215698	32.788000
139.058533	32.811000
149.436035	32.834000
132.832031	32.856000
134.215698	32.880000
143.209534	32.903000
144.593201	32.927000
141.825867	32.950000
158.429871	32.973000
136.291199	32.996000
150.819702	33.019000
150.127869	33.042000
142.517700	33.064000
154.278870	33.088000
145.976868	33.111000
149.436035	33.135000
153.587036	33.158000
152.895203	33.182000
162.580872	33.205000
146.668701	33.228000
146.668701	33.251000
150.127869	33.273000
163.964539	33.297000
138.366699	33.320000
157.046204	33.344000
157.046204	33.367000
157.738037	33.390000
155.662537	33.413000
157.046204	33.436000
161.197205	33.459000
162.580872	33.481000
154.278870	33.505000
157.046204	33.528000
157.738037	33.552000
181.260376	33.575000
157.046204	33.598000
164.656372	33.621000
165.348206	33.644000
164.656372	33.667000
163.272705	33.689000
165.348206	33.713000
164.656372	33.736000
168.807373	33.760000
173.650208	33.783000
168.115540	33.807000
171.574707	33.830000
166.731873	33.853000
171.574707	33.876000
179.876709	33.898000
163.272705	33.922000
177.109375	33.945000
173.650208	33.969000
175.725708	33.992000
184.027710	34.015000
186.795044	34.038000
172.958374	34.061000
168.115540	34.084000
181.260376	34.106000
175.725708	34.130000
179.876709	34.153000
172.958374	34.177000
177.801208	34.200000
169.499207	34.223000
176.417542	34.246000
180.568542	34.269000
181.260376	34.292000
184.027710	34.314000
190.254211	34.338000
186.795044	34.361000
183.335876	34.385000
177.801208	34.408000
179.184875	34.432000
186.103210	34.455000
186.103210	34.478000
189.562378	34.501000
202.707214	34.523000
188.178711	34.547000
184.027710	34.570000
188.178711	34.594000
187.486877	34.617000
188.178711	34.640000
181.952209	34.663000
209.625549	34.686000
184.027710	34.709000
202.707214	34.731000
201.323547	34.755000
187.486877	34.778000
197.172546	34.802000
195.097046	34.825000
193.713379	34.850000
197.172546	34.873000
198.556213	34.896000
204.090881	34.920000
199.248047	34.943000
197.864380	34.967000
195.097046	34.990000
196.480713	35.014000
202.707214	35.037000
199.939880	35.060000
201.323547	35.083000
204.090881	35.105000
197.864380	35.129000
199.939880	35.152000
197.172546	35.176000
207.550049	35.199000
212.392883	35.223000
207.550049	35.246000
205.474548	35.269000
221.386719	35.292000
208.933716	35.314000
217.235718	35.338000
206.858215	35.361000
217.235718	35.385000
213.776550	35.408000
217.235718	35.432000
224.845886	35.455000
213.084717	35.478000
213.776550	35.501000
220.003052	35.523000
215.852051	35.547000
215.852051	35.570000
218.619385	35.594000
216.543884	35.617000
223.462219	35.640000
214.468384	35.663000
213.776550	35.686000
213.776550	35.709000
211.009216	35.731000
212.392883	35.755000
217.927551	35.778000
235.915222	35.802000
216.543884	35.825000
228.996887	35.848000
208.241882	35.871000
220.694885	35.894000
222.078552	35.917000
223.462219	35.939000
225.537720	35.963000
227.613220	35.986000
225.537720	36.010000
225.537720	36.033000
232.456055	36.057000
222.770386	36.080000
223.462219	36.103000
223.462219	36.126000
229.688721	36.148000
222.078552	36.172000
233.839722	36.195000
227.613220	36.219000
228.996887	36.242000
226.921387	36.265000
232.456055	36.288000
227.613220	36.311000
232.456055	36.334000
248.368225	36.356000
236.607056	36.380000
234.531555	36.403000
228.305054	36.427000
235.915222	36.450000
251.135559	36.473000
238.682556	36.496000
234.531555	36.519000
240.066223	36.542000
220.694885	36.564000
240.066223	36.588000
233.839722	36.611000
231.764221	36.635000
237.298889	36.658000
242.833557	36.682000
240.066223	36.705000
244.217224	36.728000
243.525391	36.751000
243.525391	36.773000
244.217224	36.797000
234.531555	36.820000
251.827393	36.845000
241.449890	36.869000
246.292725	36.892000
254.594727	36.915000
245.600891	36.938000
249.060059	36.962000
244.909058	36.985000
249.751892	37.009000
260.821228	37.032000
253.902893	37.056000
251.827393	37.079000
253.211060	37.102000
252.519226	37.125000
240.066223	37.147000
247.676392	37.171000
252.519226	37.194000
257.362061	37.218000
251.827393	37.241000
265.664062	37.265000
246.984558	37.288000
251.135559	37.311000
257.362061	37.334000
260.821228	37.356000
267.739563	37.380000
250.443726	37.403000
262.204895	37.427000
257.362061	37.450000
253.902893	37.473000
262.896729	37.496000
259.437561	37.519000
261.513062	37.542000
254.594727	37.564000
255.978394	37.588000
269.123230	37.611000
261.513062	37.635000
257.362061	37.658000
261.513062	37.682000
267.739563	37.705000
262.896729	37.728000
271.198730	37.751000
265.664062	37.773000
257.362061	37.797000
269.123230	37.820000
269.123230	37.844000
275.349731	37.867000
274.657898	37.890000
269.123230	37.913000
273.274231	37.936000
272.582397	37.959000
277.425232	37.981000
274.657898	38.005000
273.274231	38.028000
278.808899	38.052000
271.198730	38.075000
276.041565	38.098000
282.268066	38.121000
267.739563	38.144000
267.047729	38.167000
278.117065	38.189000
285.035400	38.213000
280.192566	38.236000
281.576233	38.260000
282.959900	38.283000
280.884399	38.307000
286.419067	38.330000
277.425232	38.353000
279.500732	38.376000
281.576233	38.398000
278.117065	38.422000
281.576233	38.445000
285.035400	38.469000
286.419067	38.492000
289.878235	38.515000
283.651733	38.538000
282.268066	38.561000
288.494568	38.584000
287.110901	38.606000
287.110901	38.630000
293.337402	38.653000
288.494568	38.677000
280.884399	38.700000
291.953735	38.723000
292.645569	38.746000
289.186401	38.769000
277.425232	38.792000
303.714905	38.814000
301.639404	38.838000
291.953735	38.861000
292.645569	38.885000
292.645569	38.908000
295.412903	38.932000
295.412903	38.955000
300.947571	38.978000
300.947571	39.001000
293.337402	39.023000
299.563904	39.047000
314.092407	39.070000
287.802734	39.094000
293.337402	39.117000
302.331238	39.140000
311.325073	39.163000
297.488403	39.186000
306.482239	39.209000
318.243408	39.231000
316.859741	39.255000
300.255737	39.278000
307.174072	39.302000
311.325073	39.325000
290.570068	39.348000
303.714905	39.371000
305.790405	39.394000
309.941406	39.417000
307.865906	39.439000
309.941406	39.463000
311.325073	39.486000
306.482239	39.510000
309.941406	39.533000
306.482239	39.557000
303.714905	39.580000
309.249573	39.603000
297.488403	39.626000
317.551575	39.648000
313.400574	39.672000
310.633240	39.695000
315.476074	39.719000
317.551575	39.742000
318.243408	39.765000
312.016907	39.788000
312.708740	39.811000
313.400574	39.834000
307.865906	39.856000
333.463745	39.880000
322.394409	39.903000
316.859741	39.927000
316.859741	39.950000
323.778076	39.973000
322.394409	39.996000
323.086243	40.019000
309.941406	40.042000
319.627075	40.064000
328.620911	40.088000
327.237244	40.112000
325.161743	40.136000
325.161743	40.159000
332.080078	40.182000
338.998413	40.205000
330.696411	40.228000
324.469910	40.251000
329.312744	40.273000
330.696411	40.297000
324.469910	40.320000
326.545410	40.344000
344.533081	40.367000
331.388245	40.390000
336.922913	40.413000
336.231079	40.436000
330.696411	40.459000
325.853577	40.481000
338.306580	40.505000
327.237244	40.528000
335.539246	40.552000
339.690247	40.575000
330.004578	40.598000
332.771912	40.621000
338.998413	40.644000
336.922913	40.667000
334.155579	40.689000
331.388245	40.713000
336.231079	40.736000
342.457581	40.760000
334.847412	40.783000
334.155579	40.807000
355.602417	40.830000
343.149414	40.853000
344.533081	40.876000
347.992249	40.898000
340.382080	40.922000
338.306580	40.945000
343.841248	40.969000
331.388245	40.992000
353.526917	41.015000
338.998413	41.038000
343.149414	41.061000
359.753418	41.084000
351.451416	41.106000
352.835083	41.130000
362.520752	41.153000
350.067749	41.177000
360.445251	41.200000
352.143250	41.223000
362.520752	41.246000
352.143250	41.269000
347.300415	41.292000
371.514587	41.314000
354.910583	41.338000
353.526917	41.361000
359.753418	41.385000
352.835083	41.408000
356.986084	41.432000
360.445251	41.455000
352.143250	41.478000
356.294250	41.501000
366.671753	41.523000
356.294250	41.547000
359.061584	41.570000
363.904419	41.594000
365.288086	41.617000
365.979919	41.640000
363.904419	41.663000
360.445251	41.686000
366.671753	41.709000
355.602417	41.731000
373.590088	41.755000
367.363586	41.778000
365.979919	41.802000
363.212585	41.825000
367.363586	41.848000
365.979919	41.871000
370.822754	41.894000
378.432922	41.917000
365.979919	41.939000
369.439087	41.963000
368.055420	41.986000
366.671753	42.010000
377.049255	42.033000
375.665588	42.057000
367.363586	42.080000
372.206421	42.103000
368.747253	42.126000
371.514587	42.148000
388.118591	42.172000
374.973755	42.195000
372.206421	42.219000
379.124756	42.242000
388.810425	42.265000
375.665588	42.288000
379.124756	42.311000
384.659424	42.334000
376.357422	42.356000
379.124756	42.380000
381.200256	42.403000
379.816589	42.427000
382.583923	42.450000
370.822754	42.473000
382.583923	42.496000
382.583923	42.519000
383.275757	42.542000
388.810425	42.564000
386.734924	42.588000
382.583923	42.611000
385.351257	42.635000
377.741089	42.658000
390.194092	42.682000
376.357422	42.705000
383.967590	42.728000
391.577759	42.751000
395.036926	42.773000
381.892090	42.797000
392.961426	42.820000
385.351257	42.845000
388.810425	42.868000
376.357422	42.891000
394.345093	42.914000
392.961426	42.937000
390.194092	42.961000
395.728760	42.984000
392.269592	43.008000
392.961426	43.031000
399.879761	43.055000
397.112427	43.078000
389.502258	43.101000
403.338928	43.124000
392.269592	43.146000
401.955261	43.170000
392.961426	43.193000
401.955261	43.217000
400.571594	43.240000
403.338928	43.264000
408.181763	43.287000
401.955261	43.310000
401.955261	43.333000
404.722595	43.355000
404.722595	43.379000
406.798096	43.402000
413.716431	43.426000
397.804260	43.449000
408.873596	43.473000
417.175598	43.496000
407.489929	43.519000
411.640930	43.542000
404.722595	43.564000
408.181763	43.588000
413.024597	43.611000
412.332764	43.635000
413.024597	43.658000
417.867432	43.682000
412.332764	43.705000
410.257263	43.728000
418.559265	43.751000
410.949097	43.773000
422.018433	43.797000
415.791931	43.820000
416.483765	43.844000
405.414429	43.867000
435.855103	43.890000
417.175598	43.913000
418.559265	43.936000
430.320435	43.959000
418.559265	43.981000
424.785767	44.005000
429.628601	44.028000
424.093933	44.052000
431.704102	44.075000
419.251099	44.098000
413.024597	44.121000
433.087769	44.144000
425.477600	44.167000
430.320435	44.189000
426.169434	44.213000
424.093933	44.236000
424.785767	44.260000
422.018433	44.283000
422.018433	44.307000
430.320435	44.330000
426.861267	44.353000
431.012268	44.376000
443.465271	44.398000
442.773437	44.422000
431.704102	44.445000
431.012268	44.469000
428.936768	44.492000
428.936768	44.515000
426.861267	44.538000
429.628601	44.561000
432.395935	44.584000
423.402100	44.606000
431.012268	44.630000
429.628601	44.653000
431.704102	44.677000
440.006104	44.700000
435.163269	44.723000
443.465271	44.746000
435.855103	44.769000
433.087769	44.792000
432.395935	44.814000
428.936768	44.840000
428.244934	44.863000
428.936768	44.887000
440.006104	44.910000
436.546936	44.933000
439.314270	44.956000
438.622437	44.979000
438.622437	45.003000
439.314270	45.026000
431.704102	45.050000
437.930603	45.074000
448.999939	45.098000
444.848938	45.121000
445.540771	45.144000
449.691772	45.167000
446.232605	45.189000
444.157104	45.213000
447.616272	45.236000
446.232605	45.260000
459.377441	45.283000
449.691772	45.307000
440.697937	45.330000
459.377441	45.353000
447.616272	45.376000
454.534607	45.398000
458.685608	45.422000
454.534607	45.445000
456.610107	45.469000
459.377441	45.492000
461.452942	45.515000
460.069275	45.538000
460.761108	45.561000
457.993774	45.584000
453.842773	45.606000
464.912109	45.630000
457.301941	45.653000
457.301941	45.677000
464.912109	45.700000
462.836609	45.723000
461.452942	45.746000
459.377441	45.769000
463.528442	45.792000
462.144775	45.814000
455.918274	45.838000
467.679443	45.861000
465.603943	45.885000
468.371277	45.908000
472.522278	45.932000
464.912109	45.955000
468.371277	45.978000
471.830444	46.001000
463.528442	46.023000
466.987610	46.047000
473.905945	46.070000
466.987610	46.094000
471.138611	46.117000
467.679443	46.140000
474.597778	46.163000
465.603943	46.186000
463.528442	46.209000
478.748779	46.231000
481.516113	46.255000
469.063110	46.278000
474.597778	46.302000
480.824280	46.325000
478.056946	46.348000
483.591614	46.371000
479.440613	46.394000
477.365112	46.417000
485.667114	46.439000
480.824280	46.463000
481.516113	46.486000
475.981445	46.510000
473.905945	46.533000
482.207947	46.557000
476.673279	46.580000
480.132446	46.603000
476.673279	46.626000
479.440613	46.648000
488.434448	46.672000
476.673279	46.695000
484.283447	46.719000
487.742615	46.742000
489.126282	46.765000
496.044617	46.788000
489.126282	46.811000
486.358948	46.834000
498.811951	46.856000
484.283447	46.880000
489.126282	46.903000
489.818115	46.927000
493.969116	46.950000
481.516113	46.973000
490.509949	46.996000
496.044617	47.019000
492.585449	47.042000
488.434448	47.064000
486.358948	47.088000
497.428284	47.111000
496.044617	47.135000
500.195618	47.158000
496.736450	47.182000
491.893616	47.205000
496.044617	47.228000
496.736450	47.251000
498.120117	47.273000
487.742615	47.297000
502.271118	47.320000
504.346619	47.344000
496.736450	47.367000
499.503784	47.390000
507.113953	47.413000
503.654785	47.436000
502.962952	47.459000
506.422119	47.481000
508.497620	47.505000
509.189453	47.528000
503.654785	47.552000
509.881287	47.575000
509.189453	47.598000
505.730286	47.621000
509.881287	47.644000
508.497620	47.667000
500.195618	47.689000
513.340454	47.713000
510.573120	47.736000
507.113953	47.760000
511.264954	47.783000
516.799622	47.807000
514.724121	47.830000
507.113953	47.853000
509.189453	47.876000
518.183289	47.898000
506.422119	47.922000
510.573120	47.945000
517.491455	47.969000
521.642456	47.992000
522.334290	48.015000
514.724121	48.038000
516.799622	48.061000
516.799622	48.084000
516.107788	48.106000
525.101624	48.130000
516.799622	48.153000
520.950623	48.177000
521.642456	48.200000
519.566956	48.223000
522.334290	48.246000
522.334290	48.269000
516.107788	48.292000
527.177124	48.314000
509.881287	48.338000
523.026123	48.361000
525.793457	48.385000
526.485291	48.408000
527.868958	48.432000
524.409790	48.455000
524.409790	48.478000
525.101624	48.501000
527.868958	48.523000
527.868958	48.547000
530.636292	48.570000
530.636292	48.594000
527.177124	48.617000
527.177124	48.640000
529.944458	48.663000
536.862793	48.686000
526.485291	48.709000
527.868958	48.731000
528.560791	48.755000
528.560791	48.778000
536.862793	48.802000
532.711792	48.825000
530.636292	48.849000
535.479126	48.872000
532.711792	48.895000
535.479126	48.918000
537.554626	48.940000
533.403625	48.964000
535.479126	48.987000
532.711792	49.011000
534.095459	49.034000
549.315796	49.057000
538.246460	49.080000
536.862793	49.103000
552.774963	49.126000
543.089294	49.148000
547.240295	49.172000
540.321960	49.195000
545.164795	49.219000
561.768799	49.242000
545.856628	49.265000
554.158630	49.288000
545.164795	49.311000
556.234131	49.334000
544.472961	49.356000
542.397461	49.380000
552.083130	49.403000
549.315796	49.427000
541.013794	49.450000
552.083130	49.473000
551.391296	49.496000
550.007629	49.519000
554.158630	49.542000
555.542297	49.564000
550.007629	49.588000
527.177124	49.611000
555.542297	49.635000
556.234131	49.658000
554.158630	49.682000
554.158630	49.705000
556.234131	49.728000
560.385132	49.751000
562.460632	49.773000
563.844299	49.797000
554.850464	49.820000
558.309631	49.844000
565.919800	49.867000
559.693298	49.890000
560.385132	49.913000
563.152466	49.936000
564.536133	49.959000
563.844299	49.981000
549.315796	50.005000
561.076965	50.028000
556.925964	50.052000
559.001465	50.075000
557.617798	50.098000
570.070801	50.121000
571.454468	50.145000
565.919800	50.168000
553.466797	50.190000
566.611633	50.214000
569.378967	50.237000
563.844299	50.261000
564.536133	50.284000
566.611633	50.307000
567.303467	50.330000
570.762634	50.353000
566.611633	50.376000
572.838135	50.398000
574.221802	50.422000
567.303467	50.445000
574.221802	50.469000
572.146301	50.492000
565.919800	50.515000
570.070801	50.538000
574.221802	50.561000
573.529968	50.584000
593.593140	50.606000
575.605469	50.630000
569.378967	50.653000
572.838135	50.677000
577.680969	50.700000
579.756470	50.723000
583.215637	50.746000
570.762634	50.769000
575.605469	50.792000
579.756470	50.814000
566.611633	50.838000
581.831970	50.861000
581.140137	50.885000
583.215637	50.908000
579.064636	50.932000
570.762634	50.955000
591.517639	50.978000
572.838135	51.001000
586.674805	51.023000
592.209473	51.047000
582.523804	51.070000
585.982971	51.094000
585.291138	51.117000
585.291138	51.140000
588.750305	51.163000
583.215637	51.186000
594.976807	51.209000
601.895142	51.231000
590.825806	51.255000
594.284973	51.278000
587.366638	51.302000
591.517639	51.325000
583.215637	51.348000
589.442139	51.371000
592.209473	51.394000
596.360474	51.417000
593.593140	51.439000
594.284973	51.463000
590.133972	51.486000
594.976807	51.510000
591.517639	51.533000
590.133972	51.557000
606.737976	51.580000
601.895142	51.603000
584.599304	51.626000
597.052307	51.648000
602.586975	51.672000
601.203308	51.695000
601.203308	51.719000
610.197144	51.742000
602.586975	51.765000
599.819641	51.788000
601.203308	51.811000
601.895142	51.834000
606.046143	51.856000
615.039978	51.880000
600.511475	51.903000
601.203308	51.927000
607.429810	51.950000
609.505310	51.973000
606.046143	51.996000
608.121643	52.019000
604.662476	52.042000
594.976807	52.064000
601.895142	52.088000
607.429810	52.111000
612.272644	52.135000
608.813477	52.158000
612.964478	52.182000
610.888977	52.205000
618.499146	52.228000
612.272644	52.251000
626.109314	52.273000
617.115479	52.297000
616.423645	52.320000
618.499146	52.344000
603.278809	52.367000
618.499146	52.390000
616.423645	52.413000
624.725647	52.436000
618.499146	52.459000
620.574646	52.481000
605.354309	52.505000
612.964478	52.528000
617.807312	52.552000
617.807312	52.575000
617.807312	52.598000
618.499146	52.621000
622.650146	52.644000
619.882812	52.667000
616.423645	52.689000
621.266479	52.713000
616.423645	52.736000
616.423645	52.760000
620.574646	52.783000
619.190979	52.807000
634.411316	52.830000
622.650146	52.853000
632.335815	52.876000
612.964478	52.898000
624.725647	52.922000
632.335815	52.945000
625.417480	52.969000
606.046143	52.992000
624.033813	53.015000
628.184814	53.038000
624.033813	53.061000
629.568481	53.084000
629.568481	53.106000
635.794983	53.130000
630.260315	53.153000
630.260315	53.177000
630.260315	53.200000
635.103149	53.223000
631.643982	53.246000
630.952148	53.269000
635.794983	53.292000
634.411316	53.314000
624.033813	53.338000
630.260315	53.361000
637.178650	53.385000
650.323486	53.408000
640.637817	53.432000
636.486816	53.455000
654.474487	53.478000
635.794983	53.501000
640.637817	53.523000
636.486816	53.547000
640.637817	53.570000
626.801147	53.594000
639.254150	53.617000
646.172485	53.640000
648.247986	53.663000
648.939819	53.686000
638.562317	53.709000
633.027649	53.731000
639.945984	53.755000
648.939819	53.778000
648.939819	53.802000
634.411316	53.825000
643.405151	53.848000
646.172485	53.871000
648.247986	53.894000
649.631653	53.917000
655.166321	53.939000
646.864319	53.963000
662.084656	53.986000
643.405151	54.010000
648.247986	54.033000
652.398987	54.057000
648.939819	54.080000
649.631653	54.103000
652.398987	54.126000
660.700989	54.148000
644.096985	54.172000
650.323486	54.195000
643.405151	54.219000
650.323486	54.242000
658.625488	54.265000
651.015320	54.288000
662.084656	54.311000
657.241821	54.334000
660.700989	54.356000
657.241821	54.380000
662.084656	54.403000
659.317322	54.427000
664.160156	54.450000
665.543823	54.473000
661.392822	54.496000
663.468323	54.519000
657.933655	54.542000
660.009155	54.564000
660.009155	54.588000
650.323486	54.611000
657.241821	54.635000
663.468323	54.658000
655.166321	54.682000
667.619324	54.705000
663.468323	54.728000
661.392822	54.751000
654.474487	54.773000
667.619324	54.797000
664.851990	54.820000
657.241821	54.846000
662.084656	54.869000
665.543823	54.892000
664.160156	54.915000
665.543823	54.938000
655.858154	54.962000
669.002991	54.985000
671.078491	55.009000
669.002991	55.032000
677.996826	55.056000
664.160156	55.079000
679.380493	55.102000
657.241821	55.125000
669.694824	55.147000
660.009155	55.171000
660.700989	55.194000
667.619324	55.218000
666.235657	55.241000
664.851990	55.265000
673.153992	55.288000
669.002991	55.311000
671.770325	55.334000
674.537659	55.356000
660.700989	55.380000
677.996826	55.403000
682.147827	55.427000
675.921326	55.450000
684.223328	55.473000
657.933655	55.496000
673.845825	55.519000
677.996826	55.542000
684.915161	55.564000
684.223328	55.588000
673.845825	55.611000
682.147827	55.635000
668.311157	55.658000
679.380493	55.682000
666.927490	55.705000
674.537659	55.728000
678.688660	55.751000
664.851990	55.773000
666.927490	55.797000
666.927490	55.820000
677.304993	55.844000
681.455994	55.867000
669.694824	55.890000
685.606995	55.913000
680.764160	55.936000
673.845825	55.959000
678.688660	55.981000
687.682495	56.005000
683.531494	56.028000
667.619324	56.052000
682.839661	56.075000
693.217163	56.098000
686.990662	56.121000
682.839661	56.144000
682.839661	56.168000
693.908997	56.190000
684.223328	56.214000
684.223328	56.237000
689.066162	56.261000
684.915161	56.284000
689.757996	56.307000
679.380493	56.330000
675.921326	56.353000
686.990662	56.376000
689.066162	56.398000
693.217163	56.422000
684.223328	56.445000
684.915161	56.469000
686.298828	56.492000
689.066162	56.515000
689.757996	56.538000
686.990662	56.561000
691.141663	56.584000
685.606995	56.606000
689.757996	56.630000
697.368164	56.653000
687.682495	56.677000
691.833496	56.700000
691.833496	56.723000
679.380493	56.746000
705.670166	56.769000
689.066162	56.792000
691.141663	56.814000
696.676331	56.838000
698.059998	56.861000
689.757996	56.885000
692.525330	56.908000
693.908997	56.932000
691.833496	56.955000
695.984497	56.978000
695.292664	57.001000
689.757996	57.023000
697.368164	57.047000
688.374329	57.070000
700.135498	57.094000
693.908997	57.117000
703.594666	57.140000
709.821167	57.163000
693.217163	57.186000
698.751831	57.209000
700.135498	57.231000
693.908997	57.255000
701.519165	57.278000
694.600830	57.302000
694.600830	57.325000
697.368164	57.348000
698.751831	57.371000
699.443665	57.394000
698.059998	57.417000
697.368164	57.439000
708.437500	57.463000
698.751831	57.486000
700.827332	57.510000
698.751831	57.533000
702.210999	57.557000
700.827332	57.580000
697.368164	57.603000
704.286499	57.626000
701.519165	57.648000
706.362000	57.672000
700.135498	57.695000
696.676331	57.719000
706.362000	57.742000
698.059998	57.765000
698.059998	57.788000
705.670166	57.811000
702.210999	57.834000
707.053833	57.856000
711.204834	57.880000
705.670166	57.903000
698.059998	57.927000
703.594666	57.950000
708.437500	57.973000
702.210999	57.996000
720.890503	58.019000
721.582336	58.042000
709.129333	58.064000
712.588501	58.088000
719.506836	58.111000
691.141663	58.135000
706.362000	58.158000
709.129333	58.182000
702.210999	58.205000
716.739502	58.228000
713.972168	58.251000
709.129333	58.273000
712.588501	58.297000
714.664001	58.320000
697.368164	58.344000
714.664001	58.367000
714.664001	58.390000
711.204834	58.413000
708.437500	58.436000
713.280334	58.459000
710.513000	58.481000
710.513000	58.505000
700.827332	58.528000
721.582336	58.552000
715.355835	58.575000
717.431335	58.598000
728.500671	58.621000
713.972168	58.644000
718.123169	58.667000
702.210999	58.689000
716.739502	58.713000
713.280334	58.736000
722.966003	58.760000
720.198669	58.783000
717.431335	58.807000
718.815002	58.830000
720.198669	58.853000
711.896667	58.876000
712.588501	58.898000
718.815002	58.922000
731.268005	58.945000
708.437500	58.969000
720.890503	58.992000
726.425171	59.015000
718.815002	59.038000
723.657837	59.061000
704.978333	59.084000
719.506836	59.106000
721.582336	59.130000
722.274170	59.153000
723.657837	59.177000
722.274170	59.200000
720.890503	59.223000
730.576172	59.246000
716.047668	59.269000
716.739502	59.292000
722.966003	59.314000
724.349670	59.338000
731.959839	59.361000
723.657837	59.385000
728.500671	59.408000
723.657837	59.432000
734.727173	59.455000
722.274170	59.478000
729.192505	59.501000
719.506836	59.523000
731.959839	59.547000
722.274170	59.570000
724.349670	59.594000
726.425171	59.617000
723.657837	59.640000
720.198669	59.663000
730.576172	59.686000
729.192505	59.709000
723.657837	59.731000
728.500671	59.755000
729.192505	59.778000
720.890503	59.802000
726.425171	59.825000
728.500671	59.848000
734.035339	59.871000
713.972168	59.894000
728.500671	59.917000
734.727173	59.939000
718.815002	59.963000
736.802673	59.986000
732.651672	60.010000
734.727173	60.033000
737.494507	60.057000
727.808838	60.080000
734.727173	60.103000
726.425171	60.126000
726.425171	60.148000
734.035339	60.173000
722.274170	60.196000
734.727173	60.220000
732.651672	60.243000
731.959839	60.266000
731.268005	60.289000
730.576172	60.312000
729.192505	60.336000
728.500671	60.359000
732.651672	60.383000
730.576172	60.406000
736.802673	60.430000
743.029175	60.453000
732.651672	60.476000
731.959839	60.499000
738.186340	60.521000
729.884338	60.545000
724.349670	60.568000
728.500671	60.592000
732.651672	60.615000
734.727173	60.639000
736.110840	60.662000
739.570007	60.685000
737.494507	60.708000
734.035339	60.730000
734.727173	60.754000
735.419006	60.777000
730.576172	60.801000
738.878174	60.824000
731.268005	60.848000
734.727173	60.871000
744.412842	60.894000
745.104675	60.917000
736.802673	60.939000
727.808838	60.963000
730.576172	60.986000
735.419006	61.010000
749.255676	61.033000
734.035339	61.057000
743.029175	61.080000
737.494507	61.103000
746.488342	61.126000
743.029175	61.148000
742.337341	61.172000
731.268005	61.195000
724.349670	61.219000
740.261841	61.242000
736.110840	61.265000
732.651672	61.288000
741.645508	61.311000
738.186340	61.334000
746.488342	61.356000
741.645508	61.380000
738.878174	61.403000
744.412842	61.427000
738.878174	61.450000
745.104675	61.473000
745.104675	61.496000
740.261841	61.519000
742.337341	61.542000
741.645508	61.564000
739.570007	61.588000
739.570007	61.611000
749.255676	61.635000
745.104675	61.658000
741.645508	61.682000
741.645508	61.705000
747.180176	61.728000
732.651672	61.751000
740.261841	61.773000
739.570007	61.797000
741.645508	61.820000
737.494507	61.845000
741.645508	61.868000
742.337341	61.891000
743.721008	61.914000
747.872009	61.937000
745.104675	61.962000
745.796509	61.985000
725.733337	62.009000
741.645508	62.032000
742.337341	62.056000
741.645508	62.079000
746.488342	62.102000
740.953674	62.125000
745.796509	62.147000
750.639343	62.171000
736.802673	62.194000
747.872009	62.218000
744.412842	62.241000
744.412842	62.265000
741.645508	62.288000
735.419006	62.311000
759.633179	62.334000
746.488342	62.356000
742.337341	62.380000
745.104675	62.403000
741.645508	62.427000
747.180176	62.450000
745.796509	62.473000
742.337341	62.496000
743.029175	62.519000
752.714844	62.542000
745.104675	62.564000
748.563843	62.588000
739.570007	62.611000
746.488342	62.635000
743.029175	62.658000
746.488342	62.682000
743.029175	62.705000
751.331177	62.728000
746.488342	62.751000
750.639343	62.773000
746.488342	62.797000
738.878174	62.820000
761.016846	62.844000
750.639343	62.868000
748.563843	62.891000
754.098511	62.914000
739.570007	62.937000
745.796509	62.961000
743.721008	62.984000
737.494507	63.008000
749.947510	63.031000
749.947510	63.055000
756.174011	63.078000
751.331177	63.101000
740.261841	63.124000
754.098511	63.146000
745.104675	63.170000
749.255676	63.193000
755.482178	63.217000
756.174011	63.240000
752.023010	63.264000
740.953674	63.287000
760.325012	63.310000
749.255676	63.333000
751.331177	63.355000
745.796509	63.379000
747.872009	63.402000
758.249512	63.426000
749.255676	63.449000
752.023010	63.473000
747.180176	63.496000
747.872009	63.519000
752.023010	63.542000
748.563843	63.564000
748.563843	63.588000
745.104675	63.611000
752.714844	63.635000
756.865845	63.658000
758.249512	63.682000
752.714844	63.705000
747.872009	63.728000
745.796509	63.751000
747.872009	63.773000
747.872009	63.797000
751.331177	63.820000
753.406677	63.845000
752.714844	63.868000
751.331177	63.891000
761.708679	63.914000
746.488342	63.937000
754.098511	63.961000
750.639343	63.984000
760.325012	64.008000
742.337341	64.031000
752.023010	64.055000
749.255676	64.078000
746.488342	64.101000
747.872009	64.124000
763.092346	64.146000
753.406677	64.170000
749.255676	64.193000
741.645508	64.217000
757.557678	64.240000
738.878174	64.264000
738.878174	64.287000
750.639343	64.310000
742.337341	64.333000
743.029175	64.355000
742.337341	64.379000
725.733337	64.402000
742.337341	64.426000
752.023010	64.449000
742.337341	64.473000
754.790344	64.496000
745.796509	64.519000
737.494507	64.542000
740.953674	64.564000
743.721008	64.588000
743.721008	64.611000
747.872009	64.636000
745.796509	64.659000
756.865845	64.682000
751.331177	64.705000
748.563843	64.728000
754.098511	64.751000
746.488342	64.773000
744.412842	64.797000
738.878174	64.820000
747.180176	64.846000
746.488342	64.869000
745.104675	64.892000
747.872009	64.915000
750.639343	64.938000
736.802673	64.962000
751.331177	64.985000
755.482178	65.009000
751.331177	65.032000
742.337341	65.056000
739.570007	65.079000
744.412842	65.102000
745.104675	65.125000
747.872009	65.147000
740.953674	65.171000
742.337341	65.195000
743.721008	65.220000
749.255676	65.243000
754.790344	65.266000
744.412842	65.289000
750.639343	65.312000
745.796509	65.336000
751.331177	65.359000
757.557678	65.383000
743.029175	65.406000
750.639343	65.430000
751.331177	65.453000
756.174011	65.476000
744.412842	65.499000
751.331177	65.521000
745.104675	65.545000
744.412842	65.568000
752.714844	65.592000
744.412842	65.615000
748.563843	65.639000
747.180176	65.662000
757.557678	65.685000
734.035339	65.708000
745.796509	65.730000
749.947510	65.754000
740.261841	65.777000
747.872009	65.801000
748.563843	65.824000
743.029175	65.848000
749.255676	65.871000
753.406677	65.894000
744.412842	65.917000
740.261841	65.939000
747.872009	65.963000
749.947510	65.986000
751.331177	66.010000
740.953674	66.033000
732.651672	66.057000
752.023010	66.080000
759.633179	66.103000
742.337341	66.126000
752.023010	66.148000
743.029175	66.172000
734.035339	66.195000
741.645508	66.219000
729.192505	66.242000
744.412842	66.265000
745.796509	66.288000
746.488342	66.311000
742.337341	66.334000
749.947510	66.356000
746.488342	66.380000
745.104675	66.403000
744.412842	66.427000
743.721008	66.450000
747.872009	66.473000
753.406677	66.496000
746.488342	66.519000
746.488342	66.542000
746.488342	66.564000
745.104675	66.588000
742.337341	66.611000
749.255676	66.635000
757.557678	66.658000
743.721008	66.682000
743.029175	66.705000
739.570007	66.728000
734.727173	66.751000
738.878174	66.773000
743.721008	66.797000
745.104675	66.820000
743.721008	66.846000
739.570007	66.869000
749.947510	66.892000
744.412842	66.915000
745.104675	66.938000
742.337341	66.962000
740.953674	66.985000
746.488342	67.009000
747.180176	67.032000
744.412842	67.056000
749.255676	67.079000
756.865845	67.102000
740.261841	67.125000
749.947510	67.147000
749.255676	67.171000
748.563843	67.194000
738.878174	67.218000
734.035339	67.241000
746.488342	67.265000
750.639343	67.288000
751.331177	67.311000
750.639343	67.334000
743.721008	67.356000
748.563843	67.380000
749.255676	67.403000
752.714844	67.427000
747.180176	67.450000
752.714844	67.473000
748.563843	67.496000
749.947510	67.519000
736.110840	67.542000
745.104675	67.564000
747.872009	67.588000
753.406677	67.611000
751.331177	67.635000
758.249512	67.658000
747.872009	67.682000
756.865845	67.705000
742.337341	67.728000
739.570007	67.751000
743.029175	67.773000
749.947510	67.797000
734.035339	67.820000
746.488342	67.844000
751.331177	67.867000
752.023010	67.890000
746.488342	67.913000
745.796509	67.936000
747.180176	67.959000
749.947510	67.981000
749.947510	68.005000
748.563843	68.028000
743.029175	68.052000
763.092346	68.075000
748.563843	68.098000
747.180176	68.121000
758.249512	68.144000
751.331177	68.167000
743.029175	68.189000
746.488342	68.213000
754.790344	68.236000
743.029175	68.260000
753.406677	68.283000
747.872009	68.307000
749.947510	68.330000
751.331177	68.353000
753.406677	68.376000
751.331177	68.398000
767.935181	68.422000
751.331177	68.445000
752.023010	68.469000
749.255676	68.492000
749.255676	68.515000
747.872009	68.538000
743.029175	68.561000
745.796509	68.584000
745.796509	68.606000
752.023010	68.630000
749.947510	68.653000
749.947510	68.677000
754.098511	68.700000
745.796509	68.723000
750.639343	68.746000
749.947510	68.769000
746.488342	68.792000
743.029175	68.814000
749.255676	68.838000
747.872009	68.861000
761.016846	68.885000
764.476013	68.908000
752.714844	68.932000
755.482178	68.955000
752.714844	68.978000
764.476013	69.001000
754.790344	69.023000
752.714844	69.047000
756.174011	69.070000
764.476013	69.094000
762.400513	69.117000
756.174011	69.140000
759.633179	69.163000
758.249512	69.186000
765.859680	69.209000
757.557678	69.231000
756.865845	69.255000
758.941345	69.278000
756.865845	69.302000
755.482178	69.325000
735.419006	69.348000
757.557678	69.371000
740.261841	69.394000
752.714844	69.417000
749.255676	69.439000
750.639343	69.463000
760.325012	69.486000
751.331177	69.510000
761.708679	69.533000
765.167847	69.557000
753.406677	69.580000
756.865845	69.603000
746.488342	69.626000
756.865845	69.648000
746.488342	69.672000
745.104675	69.695000
753.406677	69.719000
754.790344	69.742000
749.255676	69.765000
753.406677	69.788000
746.488342	69.811000
735.419006	69.834000
755.482178	69.856000
749.947510	69.880000
743.029175	69.903000
745.104675	69.927000
749.947510	69.950000
749.255676	69.973000
752.023010	69.996000
745.104675	70.019000
751.331177	70.042000
750.639343	70.064000
758.941345	70.089000
742.337341	70.112000
747.180176	70.136000
748.563843	70.159000
750.639343	70.182000
752.023010	70.205000
760.325012	70.229000
752.023010	70.253000
750.639343	70.276000
754.098511	70.300000
747.872009	70.323000
749.947510	70.347000
750.639343	70.370000
748.563843	70.393000
749.947510	70.416000
748.563843	70.438000
743.029175	70.462000
751.331177	70.485000
751.331177	70.509000
739.570007	70.532000
752.023010	70.556000
743.029175	70.579000
754.790344	70.602000
750.639343	70.625000
750.639343	70.647000
752.023010	70.671000
749.947510	70.694000
754.098511	70.718000
736.802673	70.741000
740.953674	70.765000
747.872009	70.788000
767.935181	70.811000
745.796509	70.834000
754.098511	70.856000
753.406677	70.880000
752.714844	70.903000
747.180176	70.927000
765.859680	70.950000
752.023010	70.973000
756.865845	70.996000
749.947510	71.019000
747.872009	71.042000
752.714844	71.064000
750.639343	71.088000
753.406677	71.111000
753.406677	71.135000
742.337341	71.158000
766.551514	71.182000
757.557678	71.205000
748.563843	71.228000
751.331177	71.251000
749.947510	71.273000
749.255676	71.297000
748.563843	71.320000
751.331177	71.344000
761.708679	71.367000
746.488342	71.390000
756.174011	71.413000
758.941345	71.436000
758.941345	71.459000
735.419006	71.482000
759.633179	71.506000
749.947510	71.529000
754.790344	71.553000
750.639343	71.576000
750.639343	71.599000
758.941345	71.622000
751.331177	71.645000
748.563843	71.668000
749.947510	71.690000
749.947510	71.714000
750.639343	71.737000
751.331177	71.762000
741.645508	71.785000
761.016846	71.808000
750.639343	71.831000
753.406677	71.854000
746.488342	71.878000
750.639343	71.901000
747.872009	71.925000
747.872009	71.948000
753.406677	71.972000
754.098511	71.995000
749.947510	72.018000
756.174011	72.041000
747.872009	72.063000
752.714844	72.087000
749.255676	72.110000
755.482178	72.134000
749.255676	72.157000
744.412842	72.181000
748.563843	72.204000
753.406677	72.227000
745.796509	72.250000
750.639343	72.272000
754.098511	72.296000
740.261841	72.319000
750.639343	72.343000
752.023010	72.366000
752.714844	72.390000
753.406677	72.413000
754.790344	72.436000
752.714844	72.459000
753.406677	72.481000
756.865845	72.505000
758.941345	72.528000
752.023010	72.552000
752.023010	72.575000
753.406677	72.598000
752.023010	72.621000
744.412842	72.644000
747.872009	72.667000
758.941345	72.689000
749.255676	72.713000
752.714844	72.736000
749.255676	72.760000
756.174011	72.784000
747.872009	72.807000
752.023010	72.830000
756.174011	72.853000
741.645508	72.876000
745.796509	72.898000
750.639343	72.922000
747.180176	72.945000
750.639343	72.969000
754.098511	72.992000
753.406677	73.015000
749.947510	73.038000
739.570007	73.061000
760.325012	73.084000
753.406677	73.106000
754.790344	73.130000
749.947510	73.153000
756.174011	73.177000
749.947510	73.200000
753.406677	73.223000
746.488342	73.246000
761.708679	73.269000
755.482178	73.292000
750.639343	73.314000
754.098511	73.338000
745.104675	73.361000
747.872009	73.385000
751.331177	73.408000
745.104675	73.432000
743.029175	73.455000
747.180176	73.478000
755.482178	73.501000
749.255676	73.523000
747.180176	73.547000
743.029175	73.570000
754.790344	73.594000
743.721008	73.617000
758.249512	73.640000
744.412842	73.663000
744.412842	73.686000
750.639343	73.709000
749.255676	73.731000
738.186340	73.755000
747.872009	73.778000
749.255676	73.802000
751.331177	73.825000
747.180176	73.848000
746.488342	73.871000
743.721008	73.894000
747.872009	73.917000
755.482178	73.939000
756.865845	73.963000
747.180176	73.986000
748.563843	74.010000
747.872009	74.033000
754.790344	74.057000
751.331177	74.080000
751.331177	74.103000
740.953674	74.126000
746.488342	74.148000
736.110840	74.172000
747.180176	74.195000
745.796509	74.219000
761.016846	74.242000
735.419006	74.265000
747.180176	74.289000
744.412842	74.312000
749.947510	74.336000
749.255676	74.359000
748.563843	74.383000
745.796509	74.406000
742.337341	74.430000
745.796509	74.453000
747.180176	74.476000
743.721008	74.499000
743.029175	74.521000
746.488342	74.545000
740.261841	74.568000
741.645508	74.592000
755.482178	74.615000
756.865845	74.639000
749.255676	74.662000
740.261841	74.685000
754.790344	74.708000
743.721008	74.730000
748.563843	74.754000
745.104675	74.777000
747.872009	74.801000
747.872009	74.824000
754.098511	74.848000
744.412842	74.871000
749.255676	74.894000
740.953674	74.917000
753.406677	74.939000
747.872009	74.963000
745.104675	74.986000
745.104675	75.010000
747.180176	75.033000
749.255676	75.057000
748.563843	75.080000
745.796509	75.103000
751.331177	75.126000
753.406677	75.148000
747.872009	75.172000
745.104675	75.195000
743.721008	75.219000
745.104675	75.242000
745.796509	75.265000
747.180176	75.288000
743.721008	75.311000
731.268005	75.334000
750.639343	75.356000
758.249512	75.380000
749.255676	75.403000
747.180176	75.427000
740.953674	75.450000
744.412842	75.473000
739.570007	75.496000
741.645508	75.519000
744.412842	75.542000
742.337341	75.564000
743.029175	75.589000
741.645508	75.612000
744.412842	75.637000
745.104675	75.660000
749.255676	75.683000
728.500671	75.706000
739.570007	75.729000
741.645508	75.753000
737.494507	75.776000
739.570007	75.800000
746.488342	75.824000
740.953674	75.849000
748.563843	75.872000
743.721008	75.896000
749.255676	75.920000
743.029175	75.943000
746.488342	75.967000
743.029175	75.990000
744.412842	76.014000
743.029175	76.037000
756.865845	76.060000
743.029175	76.083000
741.645508	76.105000
740.261841	76.129000
747.872009	76.152000
737.494507	76.176000
745.796509	76.199000
740.953674	76.223000
740.953674	76.246000
744.412842	76.269000
737.494507	76.292000
734.727173	76.314000
739.570007	76.338000
747.872009	76.361000
745.796509	76.385000
757.557678	76.408000
752.023010	76.432000
739.570007	76.455000
747.180176	76.478000
734.727173	76.501000
746.488342	76.523000
735.419006	76.547000
746.488342	76.570000
745.104675	76.594000
727.808838	76.617000
743.721008	76.640000
741.645508	76.663000
738.878174	76.686000
738.186340	76.709000
744.412842	76.731000
738.878174	76.755000
743.029175	76.778000
747.180176	76.802000
749.255676	76.825000
728.500671	76.849000
740.953674	76.872000
739.570007	76.895000
745.104675	76.918000
747.872009	76.940000
749.255676	76.964000
740.953674	76.987000
743.029175	77.011000
743.029175	77.034000
734.727173	77.057000
737.494507	77.080000
748.563843	77.104000
736.802673	77.128000
747.180176	77.152000
741.645508	77.176000
734.035339	77.199000
738.878174	77.223000
734.727173	77.246000
738.186340	77.269000
733.343506	77.292000
749.255676	77.314000
739.570007	77.338000
743.029175	77.361000
736.110840	77.385000
731.959839	77.408000
750.639343	77.432000
740.261841	77.455000
747.872009	77.478000
731.959839	77.501000
738.186340	77.523000
735.419006	77.547000
736.802673	77.570000
739.570007	77.594000
727.808838	77.617000
734.035339	77.640000
738.186340	77.663000
736.802673	77.686000
746.488342	77.709000
740.261841	77.731000
742.337341	77.755000
734.035339	77.778000
734.727173	77.802000
738.878174	77.825000
737.494507	77.848000
740.261841	77.871000
734.035339	77.894000
725.733337	77.917000
734.727173	77.939000
732.651672	77.963000
738.186340	77.986000
734.727173	78.010000
736.110840	78.033000
727.117004	78.057000
731.268005	78.080000
746.488342	78.103000
737.494507	78.126000
734.727173	78.148000
730.576172	78.172000
729.192505	78.195000
735.419006	78.219000
732.651672	78.242000
734.727173	78.265000
728.500671	78.288000
734.035339	78.311000
734.035339	78.334000
729.884338	78.356000
736.110840	78.380000
729.884338	78.403000
735.419006	78.427000
732.651672	78.450000
723.657837	78.473000
732.651672	78.496000
727.117004	78.519000
734.727173	78.543000
719.506836	78.565000
734.035339	78.589000
734.035339	78.612000
732.651672	78.637000
720.198669	78.660000
737.494507	78.683000
729.192505	78.706000
740.953674	78.729000
743.029175	78.753000
729.884338	78.776000
730.576172	78.800000
731.959839	78.823000
732.651672	78.849000
731.959839	78.872000
725.041504	78.895000
730.576172	78.918000
740.953674	78.941000
725.041504	78.965000
738.878174	78.988000
736.802673	79.012000
731.959839	79.035000
727.808838	79.058000
727.117004	79.081000
725.041504	79.104000
727.808838	79.128000
726.425171	79.151000
724.349670	79.175000
722.274170	79.198000
718.123169	79.222000
730.576172	79.245000
723.657837	79.268000
725.041504	79.291000
722.274170	79.313000
726.425171	79.337000
723.657837	79.360000
727.117004	79.384000
724.349670	79.407000
713.972168	79.431000
720.890503	79.454000
717.431335	79.477000
714.664001	79.500000
713.972168	79.523000
715.355835	79.547000
715.355835	79.570000
716.047668	79.594000
722.274170	79.617000
727.808838	79.640000
714.664001	79.663000
710.513000	79.686000
716.047668	79.709000
729.192505	79.731000
719.506836	79.755000
708.437500	79.778000
718.815002	79.802000
714.664001	79.825000
717.431335	79.848000
703.594666	79.871000
713.280334	79.894000
720.198669	79.917000
722.966003	79.939000
731.959839	79.963000
710.513000	79.987000
716.739502	80.011000
719.506836	80.034000
721.582336	80.057000
700.135498	80.080000
716.739502	80.103000
722.274170	80.126000
718.815002	80.148000
709.129333	80.172000
707.745667	80.195000
698.751831	80.220000
717.431335	80.245000
711.896667	80.268000
718.815002	80.292000
718.123169	80.314000
711.204834	80.338000
715.355835	80.361000
711.204834	80.385000
715.355835	80.408000
711.204834	80.432000
710.513000	80.455000
716.739502	80.478000
704.978333	80.501000
707.745667	80.523000
700.827332	80.547000
712.588501	80.570000
713.972168	80.594000
706.362000	80.617000
707.745667	80.640000
711.896667	80.663000
704.978333	80.686000
702.210999	80.709000
693.908997	80.731000
714.664001	80.755000
712.588501	80.778000
707.745667	80.802000
704.978333	80.825000
716.739502	80.848000
708.437500	80.871000
707.053833	80.894000
708.437500	80.917000
700.827332	80.939000
703.594666	80.963000
717.431335	80.987000
700.827332	81.011000
704.286499	81.034000
701.519165	81.058000
709.129333	81.081000
707.745667	81.104000
704.286499	81.128000
704.978333	81.151000
698.059998	81.175000
708.437500	81.198000
706.362000	81.222000
704.978333	81.245000
702.210999	81.268000
704.286499	81.291000
700.827332	81.313000
701.519165	81.337000
702.902832	81.360000
702.210999	81.384000
715.355835	81.407000
709.129333	81.431000
692.525330	81.454000
704.978333	81.477000
706.362000	81.501000
693.217163	81.523000
698.059998	81.547000
700.135498	81.570000
707.053833	81.594000
702.902832	81.617000
694.600830	81.640000
708.437500	81.663000
700.135498	81.686000
699.443665	81.709000
705.670166	81.731000
687.682495	81.755000
682.147827	81.778000
693.217163	81.802000
701.519165	81.826000
690.449829	81.849000
689.066162	81.872000
689.066162	81.895000
696.676331	81.918000
698.751831	81.940000
704.286499	81.964000
695.984497	81.988000
688.374329	82.012000
691.141663	82.035000
696.676331	82.059000
686.990662	82.082000
680.072327	82.104000
697.368164	82.128000
691.141663	82.152000
689.757996	82.176000
689.066162	82.199000
688.374329	82.223000
688.374329	82.246000
682.839661	82.269000
677.304993	82.292000
681.455994	82.314000
691.141663	82.339000
689.066162	82.362000
693.217163	82.386000
687.682495	82.409000
685.606995	82.432000
683.531494	82.455000
673.845825	82.478000
682.839661	82.501000
685.606995	82.523000
690.449829	82.547000
684.915161	82.570000
681.455994	82.594000
684.915161	82.617000
683.531494	82.640000
690.449829	82.663000
686.298828	82.686000
684.223328	82.709000
692.525330	82.731000
682.839661	82.755000
686.990662	82.779000
690.449829	82.803000
682.147827	82.826000
666.235657	82.849000
691.833496	82.872000
690.449829	82.895000
685.606995	82.918000
671.078491	82.940000
689.757996	82.964000
683.531494	82.988000
673.845825	83.012000
684.915161	83.035000
683.531494	83.059000
678.688660	83.082000
691.141663	83.105000
687.682495	83.129000
683.531494	83.152000
684.223328	83.176000
694.600830	83.199000
691.833496	83.223000
683.531494	83.246000
682.147827	83.269000
686.298828	83.292000
677.996826	83.314000
668.311157	83.339000
684.223328	83.362000
686.990662	83.386000
691.141663	83.409000
686.298828	83.432000
686.990662	83.455000
680.764160	83.478000
685.606995	83.501000
680.764160	83.523000
686.298828	83.548000
681.455994	83.571000
683.531494	83.595000
680.764160	83.619000
679.380493	83.642000
686.298828	83.665000
685.606995	83.688000
691.833496	83.712000
683.531494	83.735000
678.688660	83.759000
675.921326	83.782000
685.606995	83.806000
685.606995	83.829000
683.531494	83.852000
686.990662	83.875000
669.002991	83.897000
682.147827	83.921000
677.996826	83.945000
685.606995	83.969000
680.764160	83.993000
674.537659	84.016000
685.606995	84.039000
682.839661	84.062000
681.455994	84.086000
677.304993	84.109000
675.921326	84.133000
676.613159	84.156000
680.072327	84.180000
666.235657	84.203000
671.770325	84.227000
671.078491	84.250000
670.386658	84.272000
686.298828	84.297000
664.851990	84.320000
679.380493	84.344000
663.468323	84.368000
666.235657	84.391000
679.380493	84.414000
683.531494	84.437000
676.613159	84.461000
670.386658	84.484000
675.229492	84.508000
668.311157	84.531000
658.625488	84.555000
669.002991	84.578000
671.078491	84.601000
671.078491	84.624000
660.009155	84.646000
665.543823	84.671000
677.304993	84.694000
667.619324	84.718000
669.002991	84.741000
674.537659	84.766000
673.845825	84.789000
664.851990	84.812000
659.317322	84.836000
668.311157	84.859000
675.921326	84.883000
664.851990	84.906000
665.543823	84.930000
673.153992	84.954000
671.770325	84.977000
675.921326	85.000000
668.311157	85.022000
667.619324	85.046000
673.153992	85.069000
668.311157	85.093000
671.078491	85.116000
669.694824	85.140000
661.392822	85.163000
674.537659	85.186000
671.770325	85.209000
660.700989	85.232000
682.147827	85.256000
663.468323	85.279000
666.927490	85.303000
670.386658	85.326000
669.002991	85.349000
662.776489	85.372000
680.072327	85.395000
666.927490	85.420000
669.002991	85.443000
667.619324	85.467000
672.462158	85.490000
671.770325	85.514000
670.386658	85.537000
655.166321	85.561000
669.002991	85.584000
671.770325	85.606000
676.613159	85.631000
666.235657	85.654000
662.776489	85.679000
665.543823	85.702000
669.694824	85.725000
667.619324	85.749000
665.543823	85.771000
655.858154	85.796000
656.549988	85.819000
662.776489	85.844000
668.311157	85.868000
665.543823	85.892000
655.166321	85.915000
664.851990	85.938000
659.317322	85.962000
669.002991	85.985000
660.700989	86.010000
657.241821	86.033000
660.009155	86.057000
664.851990	86.080000
666.235657	86.103000
658.625488	86.126000
653.782654	86.148000
655.166321	86.173000
656.549988	86.197000
662.084656	86.221000
656.549988	86.244000
657.933655	86.267000
661.392822	86.290000
657.241821	86.313000
669.002991	86.337000
653.090820	86.360000
654.474487	86.384000
655.858154	86.407000
652.398987	86.431000
655.166321	86.454000
654.474487	86.478000
657.933655	86.501000
654.474487	86.524000
658.625488	86.548000
649.631653	86.571000
650.323486	86.595000
655.166321	86.619000
657.933655	86.642000
660.700989	86.665000
666.927490	86.688000
635.794983	86.712000
655.858154	86.735000
667.619324	86.759000
653.782654	86.783000
653.782654	86.807000
650.323486	86.831000
652.398987	86.854000
659.317322	86.878000
659.317322	86.901000
650.323486	86.925000
657.241821	86.949000
652.398987	86.973000
664.160156	86.996000
641.329651	87.019000
658.625488	87.042000
660.700989	87.065000
659.317322	87.090000
660.700989	87.113000
655.858154	87.137000
656.549988	87.160000
655.858154	87.183000
656.549988	87.206000
660.009155	87.229000
644.096985	87.253000
652.398987	87.277000
654.474487	87.301000
657.933655	87.325000
664.160156	87.348000
661.392822	87.371000
662.084656	87.394000
652.398987	87.417000
637.178650	87.440000
652.398987	87.464000
664.851990	87.487000
655.858154	87.512000
651.707153	87.535000
652.398987	87.558000
643.405151	87.581000
655.166321	87.604000
648.939819	87.628000
645.480652	87.651000
649.631653	87.675000
650.323486	87.698000
655.858154	87.722000
654.474487	87.745000
646.864319	87.768000
645.480652	87.792000
647.556152	87.814000
656.549988	87.839000
648.247986	87.862000
637.870483	87.886000
642.713318	87.909000
643.405151	87.933000
644.788818	87.956000
645.480652	87.979000
657.933655	88.003000
636.486816	88.026000
643.405151	88.051000
643.405151	88.074000
642.713318	88.098000
637.178650	88.122000
631.643982	88.145000
643.405151	88.170000
637.870483	88.193000
639.945984	88.217000
642.021484	88.240000
633.719482	88.264000
640.637817	88.287000
639.945984	88.311000
636.486816	88.334000
646.172485	88.356000
639.945984	88.381000
642.713318	88.405000
639.945984	88.429000
649.631653	88.452000
639.945984	88.475000
633.027649	88.499000
637.870483	88.521000
638.562317	88.546000
642.021484	88.570000
628.876648	88.595000
639.945984	88.619000
639.945984	88.643000
635.103149	88.666000
639.945984	88.689000
637.178650	88.713000
648.939819	88.737000
635.103149	88.762000
640.637817	88.785000
638.562317	88.808000
638.562317	88.832000
637.178650	88.854000
640.637817	88.879000
633.719482	88.902000
637.178650	88.926000
635.103149	88.950000
635.794983	88.973000
632.335815	88.997000
648.247986	89.020000
638.562317	89.045000
636.486816	89.068000
639.254150	89.092000
642.021484	89.115000
638.562317	89.139000
633.027649	89.162000
633.027649	89.186000
635.794983	89.209000
630.260315	89.232000
633.027649	89.257000
639.254150	89.281000
632.335815	89.305000
635.103149	89.328000
628.184814	89.352000
633.027649	89.375000
637.178650	89.398000
628.184814	89.422000
626.109314	89.446000
625.417480	89.470000
608.121643	89.494000
635.794983	89.517000
634.411316	89.540000
637.870483	89.563000
628.876648	89.587000
634.411316	89.610000
637.178650	89.635000
631.643982	89.658000
634.411316	89.683000
630.952148	89.706000
634.411316	89.729000
619.190979	89.753000
629.568481	89.776000
628.184814	89.800000
642.713318	89.823000
630.260315	89.847000
617.115479	89.870000
628.876648	89.893000
633.719482	89.917000
620.574646	89.940000
626.109314	89.964000
630.952148	89.987000
630.952148	90.011000
629.568481	90.034000
635.794983	90.058000
622.650146	90.081000
646.172485	90.104000
624.033813	90.129000
621.958313	90.152000
632.335815	90.176000
624.725647	90.199000
638.562317	90.223000
629.568481	90.246000
637.178650	90.270000
628.876648	90.296000
640.637817	90.319000
636.486816	90.343000
631.643982	90.367000
634.411316	90.390000
626.801147	90.413000
632.335815	90.436000
633.027649	90.459000
635.103149	90.482000
636.486816	90.506000
637.178650	90.529000
634.411316	90.553000
631.643982	90.577000
634.411316	90.600000
636.486816	90.623000
630.952148	90.646000
626.801147	90.671000
630.952148	90.694000
628.184814	90.719000
630.952148	90.743000
637.178650	90.766000
627.492981	90.790000
642.713318	90.813000
621.958313	90.838000
633.719482	90.861000
628.184814	90.886000
637.178650	90.909000
628.184814	90.933000
630.952148	90.956000
636.486816	90.979000
631.643982	91.004000
627.492981	91.027000
632.335815	91.051000
633.027649	91.075000
624.033813	91.098000
630.260315	91.122000
633.027649	91.145000
633.719482	91.170000
630.260315	91.193000
630.952148	91.218000
633.719482	91.242000
631.643982	91.265000
626.801147	91.289000
633.719482	91.313000
626.801147	91.337000
639.254150	91.360000
617.807312	91.385000
631.643982	91.409000
627.492981	91.433000
626.801147	91.456000
633.027649	91.479000
621.958313	91.503000
646.172485	91.526000
636.486816	91.551000
623.341980	91.574000
633.027649	91.598000
628.876648	91.621000
640.637817	91.644000
630.260315	91.668000
634.411316	91.691000
633.719482	91.715000
627.492981	91.738000
624.725647	91.763000
630.260315	91.786000
623.341980	91.809000
637.870483	91.832000
623.341980	91.854000
625.417480	91.879000
626.109314	91.902000
637.870483	91.927000
633.027649	91.951000
628.876648	91.974000
633.027649	91.998000
633.719482	92.021000
626.109314	92.046000
630.952148	92.069000
629.568481	92.094000
633.719482	92.118000
632.335815	92.141000
630.952148	92.165000
629.568481	92.188000
625.417480	92.212000
633.719482	92.235000
630.260315	92.260000
632.335815	92.283000
633.027649	92.308000
621.958313	92.332000
630.260315	92.355000
646.172485	92.380000
628.184814	92.404000
623.341980	92.428000
633.719482	92.451000
630.260315	92.474000
619.882812	92.497000
624.033813	92.521000
632.335815	92.546000
621.266479	92.569000
629.568481	92.593000
633.027649	92.617000
636.486816	92.640000
628.184814	92.664000
631.643982	92.688000
639.945984	92.712000
631.643982	92.735000
628.184814	92.759000
628.184814	92.783000
635.794983	92.807000
631.643982	92.831000
638.562317	92.854000
629.568481	92.879000
626.109314	92.903000
619.882812	92.928000
631.643982	92.952000
628.876648	92.976000
626.801147	93.000000
628.876648	93.023000
633.719482	93.048000
619.190979	93.072000
621.266479	93.097000
642.713318	93.121000
633.719482	93.144000
633.719482	93.168000
634.411316	93.191000
631.643982	93.216000
635.103149	93.239000
624.725647	93.264000
635.103149	93.287000
637.178650	93.311000
640.637817	93.336000
637.178650	93.360000
636.486816	93.385000
633.027649	93.408000
633.027649	93.433000
630.952148	93.457000
638.562317	93.479000
632.335815	93.504000
631.643982	93.527000
626.109314	93.552000
626.801147	93.575000
635.103149	93.599000
630.260315	93.623000
629.568481	93.647000
637.870483	93.671000
634.411316	93.694000
637.178650	93.719000
629.568481	93.743000
628.184814	93.767000
630.260315	93.791000
633.719482	93.814000
631.643982	93.839000
626.109314	93.862000
631.643982	93.887000
640.637817	93.911000
630.952148	93.935000
633.719482	93.958000
628.876648	93.981000
624.725647	94.005000
638.562317	94.028000
626.801147	94.053000
625.417480	94.077000
626.801147	94.100000
633.027649	94.124000
634.411316	94.146000
626.801147	94.171000
628.876648	94.195000
626.109314	94.219000
623.341980	94.243000
632.335815	94.266000
626.801147	94.290000
634.411316	94.313000
628.184814	94.338000
635.103149	94.362000
628.184814	94.387000
631.643982	94.410000
624.725647	94.434000
632.335815	94.458000
623.341980	94.481000
629.568481	94.505000
638.562317	94.529000
618.499146	94.554000
621.266479	94.578000
626.801147	94.601000
627.492981	94.625000
630.260315	94.648000
632.335815	94.672000
630.260315	94.696000
630.260315	94.721000
619.882812	94.745000
626.109314	94.769000
633.719482	94.793000
635.794983	94.816000
628.876648	94.843000
626.801147	94.866000
626.801147	94.891000
635.794983	94.915000
628.876648	94.938000
631.643982	94.963000
633.719482	94.987000
633.719482	95.012000
632.335815	95.035000
635.103149	95.059000
630.952148	95.083000
628.184814	95.106000
639.945984	95.131000
630.952148	95.155000
632.335815	95.179000
631.643982	95.202000
628.876648	95.226000
628.876648	95.250000
630.952148	95.273000
628.184814	95.298000
630.260315	95.322000
633.027649	95.346000
626.801147	95.369000
630.260315	95.392000
625.417480	95.416000
632.335815	95.439000
618.499146	95.464000
630.260315	95.487000
631.643982	95.512000
631.643982	95.535000
626.801147	95.559000
624.033813	95.583000
633.719482	95.606000
628.184814	95.631000
626.801147	95.655000
631.643982	95.680000
626.801147	95.704000
631.643982	95.728000
630.952148	95.753000
631.643982	95.777000
627.492981	95.802000
631.643982	95.826000
640.637817	95.849000
634.411316	95.873000
628.876648	95.897000
643.405151	95.921000
632.335815	95.945000
635.103149	95.970000
626.801147	95.994000
630.952148	96.018000
637.870483	96.041000
630.952148	96.065000
628.184814	96.089000
629.568481	96.113000
628.184814	96.138000
635.103149	96.162000
624.033813	96.186000
626.109314	96.209000
628.876648	96.232000
628.876648	96.257000
629.568481	96.281000
633.719482	96.306000
634.411316	96.329000
629.568481	96.353000
624.725647	96.378000
632.335815	96.402000
640.637817	96.426000
625.417480	96.450000
632.335815	96.474000
628.876648	96.498000
629.568481	96.522000
629.568481	96.546000
626.109314	96.570000
626.109314	96.594000
626.801147	96.618000
626.801147	96.642000
635.103149	96.666000
637.178650	96.689000
625.417480	96.714000
619.882812	96.738000
637.870483	96.762000
637.178650	96.785000
634.411316	96.809000
626.109314	96.833000
637.178650	96.856000
632.335815	96.880000
623.341980	96.904000
626.109314	96.928000
630.260315	96.952000
624.725647	96.976000
628.184814	97.000000
631.643982	97.023000
630.260315	97.048000
626.801147	97.072000
635.794983	97.096000
635.103149	97.120000
634.411316	97.144000
631.643982	97.168000
630.952148	97.191000
629.568481	97.216000
626.109314	97.239000
624.033813	97.263000
623.341980	97.287000
633.719482	97.311000
641.329651	97.334000
629.568481	97.357000
631.643982	97.382000
618.499146	97.406000
629.568481	97.430000
626.109314	97.454000
622.650146	97.478000
619.190979	97.503000
637.870483	97.527000
640.637817	97.552000
628.876648	97.576000
635.794983	97.599000
628.876648	97.623000
632.335815	97.646000
633.027649	97.671000
641.329651	97.695000
624.725647	97.720000
639.254150	97.744000
629.568481	97.768000
637.870483	97.791000
628.184814	97.814000
633.027649	97.839000
623.341980	97.862000
633.719482	97.887000
628.876648	97.911000
