Load	Time	
-25.597839	0.000000
-26.289673	0.023000
-40.126343	0.046000
-31.824341	0.069000
-31.824341	0.092000
-35.283508	0.116000
-38.050842	0.139000
-22.138672	0.163000
-22.830505	0.186000
-29.057007	0.210000
-29.748840	0.233000
-47.736511	0.256000
-27.673340	0.279000
-32.516174	0.301000
-27.673340	0.325000
-35.283508	0.348000
-31.132507	0.372000
-33.208008	0.395000
-33.899841	0.419000
-31.824341	0.442000
-26.289673	0.465000
-42.201843	0.488000
-30.440674	0.510000
-31.824341	0.534000
-24.214172	0.557000
-46.352844	0.581000
-46.352844	0.604000
-28.365173	0.627000
-36.667175	0.650000
-29.748840	0.673000
-16.604004	0.696000
-28.365173	0.718000
-32.516174	0.742000
-31.132507	0.765000
-42.201843	0.789000
-40.818176	0.812000
-38.050842	0.836000
-32.516174	0.859000
-26.981506	0.882000
-24.214172	0.905000
-38.742676	0.927000
-33.208008	0.951000
-26.981506	0.974000
-27.673340	0.998000
-31.824341	1.021000
-35.283508	1.044000
-29.057007	1.067000
-33.208008	1.090000
-31.132507	1.113000
-33.899841	1.135000
-30.440674	1.159000
-33.208008	1.182000
-33.899841	1.206000
-35.975342	1.229000
-30.440674	1.252000
-27.673340	1.275000
-22.830505	1.298000
-44.969177	1.321000
-29.748840	1.343000
-35.975342	1.367000
-32.516174	1.390000
-24.906006	1.414000
-35.975342	1.437000
-13.836670	1.461000
-33.899841	1.484000
-26.981506	1.507000
-31.132507	1.530000
-30.440674	1.552000
-26.981506	1.576000
-28.365173	1.599000
-33.899841	1.623000
-22.138672	1.646000
-29.057007	1.669000
-33.899841	1.692000
-29.748840	1.715000
-34.591675	1.738000
-37.359009	1.760000
-34.591675	1.784000
-35.975342	1.807000
-37.359009	1.831000
-26.289673	1.854000
-32.516174	1.877000
-35.975342	1.900000
-27.673340	1.923000
-24.214172	1.946000
-23.522339	1.968000
-26.981506	1.992000
-27.673340	2.015000
-25.597839	2.039000
-27.673340	2.062000
-29.057007	2.086000
-35.283508	2.109000
-31.132507	2.132000
-28.365173	2.155000
-29.748840	2.177000
-30.440674	2.201000
-29.748840	2.224000
-35.975342	2.248000
-33.208008	2.271000
-29.057007	2.294000
-30.440674	2.317000
-33.208008	2.340000
-27.673340	2.363000
-33.208008	2.385000
-29.057007	2.409000
-29.057007	2.432000
-32.516174	2.456000
-43.585510	2.479000
-35.283508	2.502000
-29.748840	2.525000
-32.516174	2.548000
-43.585510	2.571000
-26.289673	2.593000
-30.440674	2.617000
-37.359009	2.640000
-27.673340	2.664000
-26.289673	2.687000
-25.597839	2.711000
-22.830505	2.734000
-26.289673	2.757000
-27.673340	2.780000
-30.440674	2.802000
-33.899841	2.826000
-29.748840	2.849000
-28.365173	2.873000
-30.440674	2.896000
-35.283508	2.919000
-27.673340	2.942000
-28.365173	2.965000
-29.057007	2.988000
-28.365173	3.010000
-33.899841	3.034000
-30.440674	3.057000
-38.050842	3.081000
-13.836670	3.104000
-24.214172	3.127000
-31.824341	3.150000
-32.516174	3.173000
-35.975342	3.196000
-26.289673	3.218000
-35.975342	3.242000
-29.748840	3.265000
-30.440674	3.289000
-19.371338	3.312000
-15.912170	3.336000
-26.981506	3.359000
-28.365173	3.382000
-33.899841	3.405000
-30.440674	3.427000
-30.440674	3.451000
-25.597839	3.474000
-29.748840	3.498000
-24.906006	3.521000
-27.673340	3.544000
-31.132507	3.567000
-37.359009	3.590000
-30.440674	3.613000
-27.673340	3.635000
-36.667175	3.659000
-31.132507	3.682000
-25.597839	3.706000
-32.516174	3.729000
-17.987671	3.752000
-33.899841	3.775000
-33.208008	3.798000
-31.132507	3.821000
-31.132507	3.843000
-34.591675	3.867000
-28.365173	3.890000
-31.824341	3.914000
-17.987671	3.937000
-21.446838	3.961000
-38.050842	3.984000
-31.132507	4.007000
-33.899841	4.030000
-26.981506	4.052000
-26.981506	4.076000
-31.132507	4.099000
-26.981506	4.123000
-31.824341	4.146000
-28.365173	4.169000
-28.365173	4.192000
-29.057007	4.215000
-32.516174	4.238000
-29.057007	4.260000
-32.516174	4.284000
-40.126343	4.307000
-29.057007	4.331000
-28.365173	4.354000
-32.516174	4.377000
-19.371338	4.400000
-26.981506	4.423000
-35.975342	4.446000
-26.981506	4.468000
-27.673340	4.492000
-23.522339	4.515000
-30.440674	4.539000
-31.132507	4.562000
-32.516174	4.586000
-26.289673	4.609000
-30.440674	4.632000
-31.132507	4.655000
-22.830505	4.677000
-27.673340	4.701000
-33.899841	4.724000
-42.893677	4.748000
-28.365173	4.771000
-30.440674	4.794000
-29.057007	4.817000
-19.371338	4.840000
-30.440674	4.863000
-35.283508	4.885000
-31.824341	4.909000
-17.295837	4.932000
-26.289673	4.956000
-39.434509	4.979000
-26.289673	5.002000
-40.818176	5.025000
-34.591675	5.048000
-29.748840	5.071000
-28.365173	5.093000
-30.440674	5.117000
-34.591675	5.140000
-35.283508	5.164000
-17.295837	5.187000
-31.824341	5.211000
-30.440674	5.234000
-28.365173	5.257000
-29.057007	5.280000
-29.057007	5.302000
-31.824341	5.326000
-25.597839	5.349000
-29.748840	5.373000
-28.365173	5.396000
-31.132507	5.419000
-31.824341	5.442000
-24.214172	5.465000
-31.824341	5.488000
-29.057007	5.510000
-24.214172	5.534000
-31.132507	5.557000
-45.661011	5.581000
-21.446838	5.604000
-35.283508	5.627000
-25.597839	5.650000
-22.138672	5.673000
-35.283508	5.696000
-22.138672	5.718000
-24.906006	5.742000
-22.830505	5.765000
-37.359009	5.789000
-25.597839	5.812000
-31.132507	5.836000
-26.981506	5.859000
-33.208008	5.882000
-38.050842	5.905000
-21.446838	5.927000
-24.906006	5.951000
-15.912170	5.974000
-22.138672	5.998000
-14.528503	6.021000
-19.371338	6.044000
-13.836670	6.067000
-16.604004	6.090000
-14.528503	6.113000
-15.912170	6.135000
-18.679504	6.159000
-7.610168	6.182000
-17.295837	6.206000
-20.063171	6.229000
-9.685669	6.252000
-13.836670	6.275000
-15.220337	6.298000
-7.610168	6.321000
-2.767334	6.343000
-15.912170	6.367000
-5.534668	6.390000
-11.069336	6.414000
-13.144836	6.437000
-5.534668	6.461000
-10.377502	6.484000
6.918335	6.507000
-6.226501	6.530000
4.842834	6.552000
-6.918335	6.576000
-1.383667	6.599000
-6.918335	6.623000
-4.842834	6.646000
-7.610168	6.669000
0.691833	6.692000
11.069336	6.715000
6.226501	6.738000
6.918335	6.760000
2.075500	6.784000
3.459167	6.807000
-7.610168	6.831000
-0.691833	6.854000
6.918335	6.877000
30.440674	6.900000
11.761169	6.923000
13.836670	6.946000
12.453003	6.968000
15.220337	6.992000
18.679504	7.015000
15.912170	7.039000
27.673340	7.062000
24.906006	7.086000
22.830505	7.109000
33.899841	7.132000
28.365173	7.155000
26.981506	7.177000
27.673340	7.201000
34.591675	7.224000
33.899841	7.248000
11.761169	7.271000
33.899841	7.294000
32.516174	7.317000
30.440674	7.340000
51.195679	7.363000
34.591675	7.385000
29.057007	7.409000
24.906006	7.432000
39.434509	7.456000
44.969177	7.479000
33.899841	7.502000
29.748840	7.525000
31.824341	7.548000
38.742676	7.571000
40.126343	7.593000
41.510010	7.617000
47.736511	7.640000
42.893677	7.664000
53.271179	7.687000
43.585510	7.711000
54.654846	7.734000
53.271179	7.757000
57.422180	7.780000
57.422180	7.802000
56.038513	7.826000
65.032349	7.849000
57.422180	7.873000
60.189514	7.896000
62.265015	7.919000
71.950684	7.942000
60.189514	7.965000
62.956848	7.988000
60.189514	8.010000
58.114014	8.034000
51.195679	8.057000
67.107849	8.081000
62.265015	8.104000
64.340515	8.127000
60.189514	8.150000
52.579346	8.173000
62.265015	8.196000
65.724182	8.218000
84.403687	8.242000
76.793518	8.265000
70.567017	8.289000
78.177185	8.312000
78.177185	8.336000
74.718018	8.359000
79.560852	8.382000
73.334351	8.405000
75.409851	8.427000
77.485352	8.451000
85.095520	8.474000
78.177185	8.498000
74.718018	8.521000
85.787354	8.544000
89.938354	8.567000
100.315857	8.590000
79.560852	8.613000
95.473022	8.635000
91.322021	8.659000
90.630188	8.682000
94.781189	8.706000
103.775024	8.729000
106.542358	8.752000
104.466858	8.775000
99.624023	8.798000
109.309692	8.821000
106.542358	8.843000
116.228027	8.867000
115.536194	8.890000
109.309692	8.914000
114.152527	8.937000
119.687195	8.961000
116.919861	8.984000
135.599365	9.007000
136.291199	9.030000
137.674866	9.052000
132.832031	9.076000
131.448364	9.099000
132.832031	9.123000
148.744202	9.146000
139.058533	9.169000
134.215698	9.192000
150.127869	9.215000
125.913696	9.238000
135.599365	9.260000
133.523865	9.284000
130.756531	9.307000
108.617859	9.331000
129.372864	9.354000
127.297363	9.377000
123.838196	9.400000
134.215698	9.423000
133.523865	9.446000
139.058533	9.468000
132.140198	9.492000
136.983032	9.515000
139.058533	9.539000
132.140198	9.562000
152.895203	9.586000
145.976868	9.609000
157.046204	9.632000
152.203369	9.655000
154.278870	9.677000
159.121704	9.701000
151.511536	9.724000
160.505371	9.748000
172.266541	9.771000
162.580872	9.794000
175.033875	9.817000
179.184875	9.840000
168.807373	9.863000
166.040039	9.885000
173.650208	9.909000
171.574707	9.932000
181.260376	9.956000
182.644043	9.979000
190.254211	10.002000
186.795044	10.025000
181.952209	10.048000
193.713379	10.071000
191.637878	10.093000
195.788879	10.117000
189.562378	10.140000
187.486877	10.164000
194.405212	10.187000
202.015381	10.211000
204.090881	10.234000
208.241882	10.257000
203.399048	10.280000
213.084717	10.302000
206.858215	10.326000
220.694885	10.349000
217.235718	10.373000
208.241882	10.396000
221.386719	10.419000
215.160217	10.442000
222.770386	10.465000
225.537720	10.488000
240.066223	10.510000
241.449890	10.534000
218.619385	10.557000
242.141724	10.581000
237.298889	10.604000
244.217224	10.627000
246.292725	10.650000
247.676392	10.673000
238.682556	10.696000
262.204895	10.718000
255.978394	10.742000
253.211060	10.765000
254.594727	10.789000
261.513062	10.812000
253.902893	10.836000
282.268066	10.859000
269.815063	10.882000
279.500732	10.905000
262.204895	10.927000
272.582397	10.951000
271.890564	10.974000
276.733398	10.998000
271.890564	11.021000
271.198730	11.044000
269.123230	11.067000
273.966064	11.090000
278.117065	11.113000
276.041565	11.135000
285.035400	11.159000
281.576233	11.182000
285.727234	11.206000
285.727234	11.229000
285.035400	11.252000
295.412903	11.275000
294.721069	11.298000
307.174072	11.321000
306.482239	11.343000
289.186401	11.367000
305.098572	11.390000
314.784241	11.414000
301.639404	11.437000
303.023071	11.461000
303.714905	11.484000
316.859741	11.507000
309.249573	11.530000
313.400574	11.552000
321.702576	11.576000
314.092407	11.599000
323.778076	11.623000
318.935242	11.646000
327.929077	11.669000
330.696411	11.692000
343.149414	11.715000
327.929077	11.738000
336.922913	11.760000
338.998413	11.784000
334.155579	11.807000
353.526917	11.831000
334.155579	11.854000
344.533081	11.877000
336.922913	11.900000
325.853577	11.923000
332.771912	11.946000
340.382080	11.968000
339.690247	11.992000
357.677917	12.015000
361.137085	12.039000
346.608582	12.062000
345.916748	12.086000
347.300415	12.109000
344.533081	12.132000
357.677917	12.155000
361.137085	12.177000
369.439087	12.201000
373.590088	12.224000
373.590088	12.248000
387.426758	12.271000
378.432922	12.294000
374.973755	12.317000
379.124756	12.340000
386.043091	12.363000
389.502258	12.385000
397.804260	12.409000
388.118591	12.432000
389.502258	12.456000
395.728760	12.479000
395.728760	12.502000
392.269592	12.525000
392.961426	12.548000
395.036926	12.571000
404.722595	12.593000
401.955261	12.617000
404.030762	12.640000
406.106262	12.664000
419.942932	12.687000
410.949097	12.711000
428.936768	12.734000
423.402100	12.757000
428.244934	12.780000
426.169434	12.802000
420.634766	12.826000
423.402100	12.849000
426.861267	12.873000
426.861267	12.896000
429.628601	12.919000
440.697937	12.942000
438.622437	12.965000
439.314270	12.988000
437.930603	13.010000
448.308105	13.034000
450.383606	13.057000
436.546936	13.081000
444.848938	13.104000
440.006104	13.127000
454.534607	13.150000
452.459106	13.173000
454.534607	13.196000
454.534607	13.218000
437.930603	13.242000
454.534607	13.265000
458.685608	13.289000
460.069275	13.312000
454.534607	13.336000
460.069275	13.359000
472.522278	13.382000
456.610107	13.407000
450.383606	13.430000
453.150940	13.454000
459.377441	13.477000
465.603943	13.501000
463.528442	13.524000
463.528442	13.547000
458.685608	13.570000
470.446777	13.592000
466.987610	13.616000
472.522278	13.639000
476.673279	13.663000
473.905945	13.686000
482.207947	13.710000
500.887451	13.733000
490.509949	13.756000
493.969116	13.779000
481.516113	13.801000
492.585449	13.825000
503.654785	13.848000
497.428284	13.872000
507.113953	13.895000
514.032288	13.919000
511.956787	13.942000
523.717957	13.965000
519.566956	13.988000
532.711792	14.010000
531.328125	14.034000
531.328125	14.057000
526.485291	14.081000
532.019958	14.104000
534.787292	14.127000
525.793457	14.150000
538.938293	14.173000
535.479126	14.196000
534.095459	14.218000
532.019958	14.242000
540.321960	14.265000
538.246460	14.289000
539.630127	14.312000
544.472961	14.336000
545.856628	14.359000
544.472961	14.382000
541.705627	14.405000
551.391296	14.427000
536.862793	14.451000
549.315796	14.474000
541.705627	14.498000
552.774963	14.521000
559.693298	14.544000
580.448303	14.567000
569.378967	14.590000
573.529968	14.613000
574.221802	14.635000
574.221802	14.659000
574.221802	14.682000
570.070801	14.706000
575.605469	14.729000
581.140137	14.752000
582.523804	14.775000
586.674805	14.798000
592.901306	14.821000
585.291138	14.843000
594.284973	14.867000
590.825806	14.890000
594.284973	14.914000
606.737976	14.937000
599.127808	14.961000
604.662476	14.984000
599.127808	15.007000
602.586975	15.030000
611.580811	15.052000
618.499146	15.076000
611.580811	15.099000
610.888977	15.123000
612.272644	15.146000
614.348145	15.169000
619.882812	15.192000
617.115479	15.215000
629.568481	15.238000
623.341980	15.260000
630.260315	15.284000
626.109314	15.307000
622.650146	15.331000
635.794983	15.354000
637.870483	15.377000
632.335815	15.400000
639.254150	15.423000
632.335815	15.446000
636.486816	15.468000
630.952148	15.492000
642.713318	15.515000
639.945984	15.539000
646.864319	15.562000
643.405151	15.586000
653.090820	15.609000
649.631653	15.632000
644.096985	15.655000
639.945984	15.677000
637.870483	15.701000
642.021484	15.724000
651.707153	15.748000
655.858154	15.771000
644.096985	15.794000
660.009155	15.817000
661.392822	15.840000
658.625488	15.863000
661.392822	15.885000
655.858154	15.909000
664.851990	15.932000
665.543823	15.956000
671.078491	15.979000
688.374329	16.002000
676.613159	16.025000
685.606995	16.048000
680.764160	16.071000
681.455994	16.093000
685.606995	16.117000
675.921326	16.140000
695.984497	16.164000
699.443665	16.187000
696.676331	16.211000
693.217163	16.234000
708.437500	16.257000
709.129333	16.280000
702.210999	16.302000
713.972168	16.326000
726.425171	16.349000
719.506836	16.373000
720.890503	16.396000
718.815002	16.419000
710.513000	16.442000
722.274170	16.465000
720.198669	16.488000
718.815002	16.510000
729.192505	16.534000
721.582336	16.557000
717.431335	16.581000
734.035339	16.604000
736.802673	16.627000
729.884338	16.650000
729.884338	16.673000
732.651672	16.696000
742.337341	16.718000
742.337341	16.742000
743.029175	16.765000
745.104675	16.789000
752.023010	16.812000
754.098511	16.836000
762.400513	16.859000
767.935181	16.882000
768.627014	16.905000
765.859680	16.927000
779.696350	16.951000
775.545349	16.974000
772.778015	16.998000
771.394348	17.021000
771.394348	17.044000
761.708679	17.067000
772.086182	17.090000
791.457520	17.113000
780.388184	17.135000
784.539185	17.159000
779.696350	17.182000
790.073853	17.206000
787.306519	17.229000
782.463684	17.252000
778.312683	17.275000
777.620850	17.298000
787.306519	17.321000
771.394348	17.343000
776.929016	17.367000
772.778015	17.390000
783.155518	17.414000
781.080017	17.437000
780.388184	17.461000
773.469849	17.484000
778.312683	17.507000
766.551514	17.530000
781.080017	17.552000
772.086182	17.576000
774.161682	17.599000
783.155518	17.623000
792.841187	17.646000
776.929016	17.669000
788.690186	17.692000
796.992187	17.715000
796.992187	17.738000
800.451355	17.760000
805.294189	17.784000
820.514526	17.807000
819.130859	17.831000
825.357361	17.854000
820.514526	17.877000
826.049194	17.900000
830.200195	17.923000
829.508362	17.946000
831.583862	17.968000
824.665527	17.992000
833.659363	18.015000
832.275696	18.039000
839.885864	18.062000
841.961365	18.086000
835.734863	18.109000
839.194031	18.132000
848.879700	18.155000
859.949036	18.177000
843.345032	18.201000
844.728699	18.224000
845.420532	18.248000
855.798035	18.271000
864.100037	18.294000
862.716370	18.317000
864.791870	18.340000
871.018372	18.363000
870.326538	18.385000
869.634705	18.409000
877.244873	18.432000
871.018372	18.456000
875.169373	18.479000
885.546875	18.502000
882.087708	18.525000
883.471375	18.548000
894.540710	18.571000
888.314209	18.593000
906.301880	18.617000
897.308044	18.640000
906.301880	18.664000
903.534546	18.687000
898.691711	18.711000
894.540710	18.734000
902.150879	18.757000
902.842712	18.780000
911.836548	18.802000
918.063049	18.826000
904.226379	18.849000
904.918213	18.873000
922.905884	18.896000
915.987549	18.919000
909.069214	18.942000
920.138550	18.965000
918.063049	18.988000
922.214050	19.010000
933.975220	19.034000
918.063049	19.057000
929.132385	19.081000
934.667053	19.104000
931.899719	19.127000
934.667053	19.150000
925.673218	19.173000
941.585388	19.196000
940.893555	19.218000
947.120056	19.242000
948.503723	19.265000
950.579224	19.289000
945.044556	19.312000
960.956726	19.336000
955.422058	19.359000
956.805725	19.382000
961.648560	19.405000
957.497559	19.427000
961.648560	19.451000
957.497559	19.474000
961.648560	19.498000
956.805725	19.521000
966.491394	19.544000
943.660889	19.567000
967.875061	19.590000
966.491394	19.613000
963.032227	19.635000
969.258728	19.659000
990.013733	19.682000
965.799561	19.706000
975.485229	19.729000
985.862732	19.752000
992.089233	19.775000
990.705566	19.798000
990.705566	19.821000
981.019897	19.843000
997.623901	19.867000
1003.850403	19.890000
1002.466736	19.914000
1003.850403	19.937000
1003.850403	19.961000
997.623901	19.984000
1027.372742	20.007000
1013.536072	20.030000
1019.762573	20.052000
1024.605408	20.076000
1018.378906	20.099000
1016.303406	20.123000
1023.221741	20.146000
1033.599243	20.169000
1034.291077	20.192000
1042.593079	20.215000
1036.366577	20.238000
1041.209412	20.260000
1048.127747	20.284000
1053.662415	20.307000
1040.517578	20.331000
1040.517578	20.354000
1036.366577	20.377000
1032.907410	20.400000
1048.819580	20.423000
1048.127747	20.446000
1045.360413	20.468000
1046.052246	20.492000
1042.593079	20.515000
1063.348083	20.539000
1056.429749	20.562000
1061.964417	20.586000
1059.197083	20.609000
1067.499084	20.632000
1076.492920	20.655000
1064.039917	20.677000
1068.190918	20.701000
1055.737915	20.724000
1068.882751	20.748000
1065.423584	20.771000
1069.574585	20.794000
1066.115417	20.817000
1082.027588	20.840000
1080.643921	20.863000
1084.103088	20.885000
1079.260254	20.909000
1077.876587	20.932000
1079.952087	20.956000
1073.725586	20.979000
1086.870422	21.002000
1095.864258	21.025000
1098.631592	21.048000
1091.021423	21.071000
1091.713257	21.093000
1074.417419	21.117000
1097.939758	21.140000
1093.788757	21.164000
1094.480591	21.187000
1093.096924	21.211000
1086.870422	21.234000
1102.782593	21.257000
1088.945923	21.280000
1096.556091	21.302000
1097.247925	21.326000
1103.474426	21.349000
1095.864258	21.373000
1087.562256	21.396000
1088.254089	21.419000
1087.562256	21.442000
1097.247925	21.465000
1097.247925	21.488000
1094.480591	21.510000
1093.788757	21.534000
1093.096924	21.557000
1088.254089	21.581000
1097.247925	21.604000
1093.096924	21.627000
1109.009094	21.650000
1106.241760	21.673000
1111.084595	21.696000
1102.782593	21.718000
1118.002930	21.742000
1130.455933	21.765000
1124.921265	21.789000
1142.908936	21.812000
1138.066101	21.836000
1150.519104	21.859000
1152.594604	21.882000
1150.519104	21.905000
1149.827271	21.927000
1148.443604	21.951000
1151.902771	21.974000
1148.443604	21.998000
1154.670105	22.021000
1153.978271	22.044000
1169.890442	22.067000
1156.053772	22.090000
1166.431274	22.113000
1164.355774	22.135000
1174.041443	22.159000
1177.500610	22.182000
1179.576111	22.206000
1179.576111	22.229000
1183.035278	22.252000
1167.123108	22.275000
1180.959778	22.298000
1185.802612	22.321000
1174.733276	22.343000
1186.494446	22.367000
1194.796448	22.390000
1193.412781	22.414000
1189.953613	22.437000
1196.871948	22.461000
1193.412781	22.484000
1186.494446	22.507000
1201.714783	22.530000
1203.790283	22.552000
1210.016785	22.576000
1209.324951	22.599000
1205.173950	22.623000
1203.098450	22.646000
1203.098450	22.669000
1206.557617	22.692000
1209.324951	22.715000
1213.475952	22.738000
1223.853455	22.760000
1232.155457	22.784000
1228.004456	22.807000
1232.847290	22.831000
1228.696289	22.854000
1233.539124	22.877000
1224.545288	22.900000
1243.916626	22.923000
1235.614624	22.946000
1231.463623	22.968000
1242.532959	22.992000
1233.539124	23.015000
1243.224792	23.039000
1247.375793	23.062000
1245.992126	23.086000
1239.765625	23.109000
1250.834961	23.132000
1253.602295	23.155000
1264.671631	23.177000
1266.747131	23.201000
1270.206299	23.224000
1260.520630	23.248000
1268.822632	23.271000
1268.822632	23.294000
1266.055298	23.317000
1261.904297	23.340000
1270.898132	23.363000
1272.281799	23.385000
1270.898132	23.409000
1279.200134	23.432000
1262.596130	23.456000
1279.891968	23.479000
1277.124634	23.502000
1290.961304	23.525000
1289.577637	23.548000
1280.583801	23.571000
1272.281799	23.593000
1266.055298	23.617000
1274.357300	23.640000
1290.269470	23.664000
1294.420471	23.687000
1290.961304	23.711000
1299.955139	23.734000
1301.338806	23.757000
1299.955139	23.780000
1300.646973	23.802000
1320.710144	23.826000
1308.257141	23.849000
1320.710144	23.873000
1315.867310	23.896000
1317.250977	23.919000
1311.024475	23.942000
1326.244812	23.965000
1320.710144	23.988000
1315.175476	24.010000
1332.471313	24.034000
1325.552979	24.057000
1327.628479	24.081000
1330.395813	24.104000
1333.163147	24.127000
1338.005981	24.150000
1332.471313	24.173000
1337.314148	24.196000
1325.552979	24.218000
1334.546814	24.242000
1336.622314	24.265000
1343.540649	24.289000
1342.156982	24.312000
1346.999817	24.336000
1341.465149	24.359000
1347.691650	24.382000
1347.691650	24.405000
1353.226318	24.427000
1359.452820	24.451000
1343.540649	24.474000
1334.546814	24.498000
1351.150818	24.521000
1347.691650	24.544000
1350.458984	24.567000
1364.987488	24.591000
1353.918152	24.615000
1358.069153	24.638000
1366.371155	24.662000
1367.754822	24.685000
1371.905823	24.709000
1380.207825	24.732000
1354.609985	24.755000
1375.364990	24.778000
1373.981323	24.800000
1385.742493	24.824000
1382.975159	24.847000
1394.044495	24.871000
1392.660828	24.894000
1390.585327	24.918000
1405.805664	24.941000
1402.346497	24.964000
1400.270996	24.987000
1421.026001	25.009000
1413.415833	25.033000
1414.799500	25.056000
1412.032166	25.080000
1409.264832	25.103000
1419.642334	25.127000
1421.717834	25.150000
1423.101501	25.173000
1425.177002	25.196000
1427.944336	25.218000
1425.177002	25.242000
1425.177002	25.265000
1418.258667	25.289000
1427.252502	25.312000
1422.409668	25.336000
1423.101501	25.359000
1432.095337	25.382000
1427.252502	25.405000
1424.485168	25.427000
1424.485168	25.451000
1421.026001	25.474000
1424.485168	25.498000
1426.560669	25.521000
1436.246338	25.544000
1430.711670	25.567000
1432.787170	25.590000
1431.403503	25.613000
1451.466675	25.635000
1435.554504	25.659000
1431.403503	25.682000
1445.932007	25.706000
1440.397339	25.729000
1461.152344	25.752000
1455.617676	25.775000
1445.240173	25.798000
1464.611511	25.821000
1471.529846	25.843000
1470.838013	25.867000
1473.605347	25.890000
1477.756348	25.914000
1485.366516	25.937000
1497.127686	25.961000
1495.744019	25.984000
1492.284851	26.007000
1496.435852	26.030000
1497.127686	26.052000
1486.058350	26.076000
1492.976685	26.099000
1517.190857	26.123000
1508.197021	26.146000
1496.435852	26.169000
1504.046021	26.192000
1499.203186	26.215000
1510.964355	26.238000
1504.737854	26.260000
1519.266357	26.284000
1521.341858	26.307000
1499.895020	26.331000
1506.813354	26.354000
1513.039856	26.377000
1503.354187	26.400000
1508.197021	26.423000
1515.115356	26.446000
1518.574524	26.468000
1522.725525	26.492000
1520.650024	26.515000
1528.260193	26.539000
1535.870361	26.562000
1528.260193	26.586000
1532.411194	26.609000
1531.719360	26.632000
1532.411194	26.655000
1542.096863	26.677000
1540.713196	26.701000
1547.631531	26.724000
1543.480530	26.748000
1543.480530	26.771000
1551.090698	26.794000
1552.474365	26.817000
1560.776367	26.840000
1553.166199	26.863000
1570.462036	26.885000
1572.537537	26.909000
1574.613037	26.932000
1569.770203	26.956000
1569.770203	26.979000
1568.386536	27.002000
1571.153870	27.025000
1566.311035	27.048000
1569.078369	27.071000
1555.933533	27.093000
1566.311035	27.117000
1580.147705	27.140000
1583.606873	27.164000
1590.525208	27.187000
1598.135376	27.211000
1592.600708	27.234000
1589.141541	27.257000
1595.368042	27.280000
1596.059875	27.302000
1593.984375	27.326000
1596.059875	27.349000
1593.292542	27.373000
1601.594543	27.396000
1589.833374	27.419000
1588.449707	27.442000
1609.896545	27.465000
1598.827209	27.488000
1608.512878	27.510000
1599.519043	27.534000
1605.745544	27.557000
1610.588379	27.581000
1611.280212	27.604000
1596.751709	27.627000
1611.972046	27.650000
1616.814880	27.673000
1621.657715	27.696000
1627.884216	27.718000
1624.425049	27.742000
1626.500549	27.765000
1635.494385	27.789000
1647.947388	27.812000
1634.110718	27.836000
1643.796387	27.859000
1647.947388	27.882000
1647.255554	27.905000
1654.865723	27.927000
1641.720886	27.951000
1654.865723	27.974000
1662.475891	27.998000
1660.400391	28.021000
1668.010559	28.044000
1673.545227	28.067000
1661.784058	28.090000
1653.482056	28.113000
1663.167725	28.135000
1659.016724	28.159000
1661.784058	28.182000
1665.935059	28.206000
1660.400391	28.229000
1668.010559	28.252000
1671.469727	28.275000
1679.771729	28.298000
1682.539062	28.321000
1688.073730	28.343000
1677.696228	28.367000
1683.922729	28.390000
1678.388062	28.414000
1655.557556	28.437000
1689.457397	28.461000
1685.306396	28.484000
1705.369568	28.507000
1709.520569	28.530000
1709.520569	28.552000
1712.979736	28.576000
1722.665405	28.599000
1714.363403	28.623000
1704.677734	28.646000
1698.451233	28.669000
1706.753235	28.692000
1709.520569	28.715000
1718.514404	28.738000
1711.596069	28.760000
1715.747070	28.784000
1718.514404	28.807000
1719.898071	28.831000
1738.577576	28.854000
1728.200073	28.877000
1719.206238	28.900000
1733.042908	28.923000
1719.206238	28.946000
1728.891907	28.968000
1741.344910	28.992000
1737.193909	29.015000
1734.426575	29.039000
1753.797913	29.062000
1742.036743	29.086000
1749.646912	29.109000
1747.571411	29.132000
1757.257080	29.155000
1748.263245	29.177000
1753.106079	29.201000
1751.030579	29.224000
1755.873413	29.248000
1748.955078	29.271000
1752.414246	29.294000
1753.797913	29.317000
1749.646912	29.340000
1758.640747	29.363000
1757.948914	29.385000
1764.175415	29.409000
1763.483582	29.432000
1758.640747	29.456000
1758.640747	29.479000
1767.634583	29.502000
1755.181580	29.525000
1782.163086	29.548000
1768.326416	29.571000
1780.779419	29.593000
1771.785583	29.617000
1786.314087	29.640000
1786.314087	29.664000
1781.471252	29.687000
1798.767090	29.711000
1792.540588	29.734000
1795.999756	29.757000
1788.389587	29.780000
1802.918091	29.802000
1795.307922	29.826000
1794.616089	29.849000
1799.458923	29.873000
1807.760925	29.896000
1813.987427	29.919000
1804.301758	29.942000
1812.603760	29.965000
1823.673096	29.988000
1820.213928	30.010000
1816.062927	30.034000
1827.824097	30.057000
1825.748596	30.081000
1823.673096	30.104000
1820.905762	30.127000
1818.138428	30.150000
1833.358765	30.173000
1838.201599	30.196000
1838.893433	30.218000
1836.817932	30.242000
1847.887268	30.265000
1836.126099	30.289000
1843.044434	30.312000
1850.654602	30.336000
1857.572937	30.359000
1852.038269	30.382000
1852.730103	30.405000
1860.340271	30.427000
1855.497437	30.451000
1865.183105	30.474000
1861.032104	30.498000
1862.415771	30.521000
1867.258606	30.544000
1867.950439	30.567000
1872.793274	30.590000
1881.787109	30.613000
1873.485107	30.635000
1863.799438	30.659000
1874.176941	30.682000
1873.485107	30.706000
1874.176941	30.729000
1875.560608	30.752000
1872.101440	30.775000
1872.101440	30.798000
1876.252441	30.821000
1883.170776	30.843000
1894.240112	30.867000
1888.705444	30.890000
1894.240112	30.914000
1881.787109	30.937000
1894.931946	30.961000
1883.170776	30.984000
1896.315613	31.007000
1904.617615	31.030000
1884.554443	31.052000
1884.554443	31.076000
1883.170776	31.099000
1900.466614	31.123000
1892.164612	31.146000
1910.152283	31.169000
1910.844116	31.192000
1906.001282	31.215000
1908.768616	31.238000
1912.919617	31.260000
1921.221619	31.284000
1923.297119	31.307000
1919.146118	31.331000
1916.378784	31.354000
1919.146118	31.377000
1921.913452	31.400000
1926.756287	31.423000
1934.366455	31.446000
1939.209290	31.468000
1937.133789	31.492000
1939.209290	31.515000
1943.360291	31.539000
1930.907288	31.562000
1941.284790	31.586000
1941.976624	31.609000
1956.505127	31.632000
1957.196960	31.655000
1955.121460	31.677000
1953.045959	31.701000
1947.511292	31.724000
1962.039795	31.748000
1956.505127	31.771000
1964.807129	31.794000
1952.354126	31.817000
1973.109131	31.840000
1977.951965	31.863000
1977.951965	31.885000
1975.184631	31.909000
1968.958130	31.932000
1978.643799	31.956000
1984.178467	31.979000
1978.643799	32.002000
1980.719299	32.025000
1984.870300	32.048000
1982.794800	32.071000
1994.555969	32.093000
1980.027466	32.117000
1981.411133	32.140000
1989.713135	32.164000
1984.178467	32.187000
1989.713135	32.211000
1996.631470	32.234000
1989.713135	32.257000
2007.008972	32.280000
1987.637634	32.302000
2007.700806	32.326000
1993.172302	32.349000
1995.247803	32.373000
2004.241638	32.396000
2005.625305	32.419000
2015.310974	32.442000
2013.235474	32.465000
2015.310974	32.488000
2018.078308	32.510000
2009.776306	32.534000
2014.619141	32.557000
2018.078308	32.581000
2013.927307	32.604000
2019.461975	32.627000
2010.468140	32.650000
2024.996643	32.673000
2027.763977	32.696000
2030.531311	32.718000
2027.763977	32.742000
2038.141479	32.765000
2027.763977	32.789000
2037.449646	32.812000
2035.374146	32.836000
2035.374146	32.859000
2036.065979	32.882000
2050.594482	32.905000
2040.216980	32.927000
2045.751648	32.951000
2039.525146	32.974000
2039.525146	32.998000
2036.757812	33.021000
2039.525146	33.044000
2045.059814	33.067000
2055.437317	33.090000
2065.814819	33.113000
2049.902649	33.135000
2055.437317	33.159000
2065.814819	33.182000
2072.041321	33.206000
2059.588318	33.229000
2067.890320	33.252000
2058.204651	33.275000
2052.669983	33.298000
2058.204651	33.321000
2064.431152	33.343000
2051.286316	33.367000
2065.122986	33.390000
2069.965820	33.414000
2058.204651	33.437000
2057.512817	33.461000
2055.437317	33.484000
2064.431152	33.507000
2066.506653	33.530000
2073.424988	33.552000
2078.959656	33.576000
2068.582153	33.599000
2072.041321	33.623000
2076.192322	33.646000
2067.198486	33.669000
2077.575989	33.692000
2075.500488	33.715000
2081.726990	33.738000
2085.186157	33.760000
2087.261658	33.784000
2086.569824	33.807000
2092.104492	33.831000
2081.035156	33.854000
2091.412659	33.877000
2083.110657	33.900000
2092.104492	33.923000
2099.714661	33.946000
2087.953491	33.968000
2102.481995	33.992000
2101.098328	34.015000
2105.249329	34.039000
2116.318665	34.062000
2094.179993	34.086000
2105.249329	34.109000
2107.324829	34.132000
2115.626831	34.155000
2114.243164	34.177000
2117.702332	34.201000
2126.004333	34.224000
2119.777832	34.248000
2110.783997	34.271000
2125.312500	34.294000
2128.079834	34.317000
2130.847168	34.340000
2122.545166	34.363000
2134.998169	34.385000
2135.690002	34.409000
2143.300171	34.432000
2131.539001	34.456000
2141.224670	34.479000
2136.381836	34.502000
2136.381836	34.525000
2143.300171	34.548000
2152.985840	34.571000
2146.759338	34.593000
2157.828674	34.617000
2131.539001	34.640000
2148.834839	34.664000
2154.369507	34.687000
2149.526672	34.711000
2136.381836	34.734000
2155.061340	34.757000
2165.438843	34.780000
2161.979675	34.802000
2164.055176	34.826000
2157.828674	34.849000
2159.212341	34.873000
2166.822510	34.896000
2130.155334	34.919000
2144.683838	34.942000
2154.369507	34.965000
2146.759338	34.988000
2141.916504	35.010000
2156.445007	35.034000
2150.218506	35.057000
2155.061340	35.081000
2152.294006	35.104000
2154.369507	35.127000
2154.369507	35.150000
2155.753174	35.173000
2156.445007	35.196000
2164.055176	35.218000
2164.055176	35.242000
2167.514343	35.265000
2174.432678	35.289000
2173.049011	35.312000
2165.438843	35.336000
2164.747009	35.359000
2169.589844	35.382000
2174.432678	35.405000
2174.432678	35.427000
2175.816345	35.451000
2169.589844	35.474000
2167.514343	35.498000
2173.740845	35.521000
2173.049011	35.544000
2171.665344	35.567000
2178.583679	35.590000
2172.357178	35.613000
2180.659180	35.635000
2184.810181	35.659000
2176.508179	35.682000
2182.042847	35.706000
2186.193848	35.729000
2188.269348	35.752000
2182.042847	35.775000
2188.269348	35.798000
2173.740845	35.821000
2186.885681	35.843000
2184.118347	35.867000
2188.269348	35.890000
2194.495850	35.914000
2203.489685	35.937000
2173.740845	35.961000
2185.502014	35.984000
2187.577515	36.007000
2198.646851	36.030000
2209.024353	36.052000
2206.948853	36.076000
2206.257019	36.099000
2206.948853	36.123000
2195.187683	36.146000
2202.797852	36.169000
2212.483521	36.192000
2212.483521	36.215000
2225.628357	36.238000
2209.024353	36.260000
2216.634521	36.284000
2215.250854	36.307000
2233.238525	36.331000
2222.861023	36.354000
2219.401855	36.377000
2218.018188	36.400000
2227.703857	36.423000
2219.401855	36.446000
2235.314026	36.468000
2238.773193	36.492000
2231.854858	36.515000
2236.005859	36.539000
2224.936523	36.562000
2233.930359	36.586000
2239.465027	36.609000
2249.150696	36.632000
2224.244690	36.655000
2240.156860	36.677000
2242.232361	36.701000
2241.540527	36.724000
2244.999695	36.748000
2256.069031	36.771000
2233.930359	36.794000
2246.383362	36.817000
2240.848694	36.840000
2237.389526	36.863000
2241.540527	36.885000
2247.075195	36.909000
2246.383362	36.932000
2238.081360	36.956000
2245.691528	36.979000
2246.383362	37.002000
2248.458862	37.025000
2244.999695	37.048000
2249.842529	37.071000
2262.295532	37.093000
2256.069031	37.117000
2262.295532	37.140000
2256.069031	37.164000
2258.836365	37.187000
2251.226196	37.211000
2260.911865	37.234000
2272.673035	37.257000
2267.138367	37.280000
2257.452698	37.302000
2257.452698	37.326000
2252.609863	37.349000
2253.993530	37.373000
2251.918030	37.396000
2268.522034	37.419000
2255.377197	37.442000
2260.911865	37.465000
2248.458862	37.488000
2256.069031	37.510000
2262.987366	37.534000
2258.836365	37.557000
2257.452698	37.581000
2262.987366	37.604000
2264.371033	37.627000
2270.597534	37.650000
2280.283203	37.673000
2263.679199	37.696000
2278.207703	37.718000
2278.899536	37.742000
2280.283203	37.765000
2288.585205	37.789000
2287.201538	37.812000
2280.975037	37.836000
2281.666870	37.859000
2285.126038	37.882000
2278.207703	37.905000
2269.905701	37.927000
2284.434204	37.951000
2283.050537	37.974000
2282.358704	37.998000
2283.742371	38.021000
2287.893372	38.044000
2288.585205	38.067000
2289.968872	38.090000
2287.201538	38.113000
2299.654541	38.135000
2300.346375	38.159000
2303.113708	38.182000
2307.264709	38.206000
2307.956543	38.229000
2303.805542	38.252000
2307.264709	38.275000
2297.579041	38.298000
2317.642212	38.321000
2315.566711	38.343000
2309.340210	38.367000
2318.334045	38.390000
2302.421875	38.414000
2308.648376	38.437000
2296.887207	38.461000
2300.346375	38.484000
2308.648376	38.507000
2309.340210	38.530000
2303.113708	38.552000
2312.799377	38.576000
2301.730042	38.599000
2309.340210	38.623000
2308.648376	38.646000
2315.566711	38.669000
2309.340210	38.692000
2323.176880	38.715000
2310.723877	38.738000
2319.717712	38.760000
2322.485046	38.784000
2331.478882	38.807000
2321.793213	38.831000
2341.164551	38.854000
2333.554382	38.877000
2330.095215	38.900000
2329.403381	38.923000
2330.095215	38.946000
2339.089050	38.968000
2336.321716	38.992000
2333.554382	39.015000
2337.013550	39.039000
2339.089050	39.062000
2325.252380	39.086000
2337.705383	39.109000
2325.944214	39.132000
2351.542053	39.155000
2344.623718	39.177000
2347.391052	39.201000
2340.472717	39.224000
2354.309387	39.248000
2350.158386	39.271000
2350.850220	39.294000
2351.542053	39.317000
2354.309387	39.340000
2353.617554	39.363000
2348.082886	39.385000
2351.542053	39.409000
2354.309387	39.432000
2341.856384	39.456000
2357.768555	39.479000
2352.925720	39.502000
2353.617554	39.525000
2358.460388	39.548000
2359.844055	39.571000
2364.686890	39.593000
2360.535889	39.617000
2361.227722	39.640000
2370.221558	39.664000
2371.605225	39.687000
2366.762390	39.711000
2368.146057	39.734000
2360.535889	39.757000
2369.529724	39.780000
2360.535889	39.802000
2368.837891	39.826000
2377.139893	39.849000
2372.988892	39.873000
2363.995056	39.896000
2376.448059	39.919000
2366.762390	39.942000
2369.529724	39.965000
2355.001221	39.988000
2364.686890	40.010000
2377.831726	40.034000
2377.139893	40.057000
2392.360229	40.081000
2386.825562	40.104000
2388.209229	40.127000
2395.127563	40.150000
2387.517395	40.173000
2388.209229	40.196000
2396.511230	40.218000
2383.366394	40.242000
2382.674561	40.265000
2386.133728	40.289000
2397.894897	40.312000
2386.825562	40.336000
2397.203064	40.359000
2391.668396	40.382000
2399.278564	40.405000
2402.737732	40.427000
2397.203064	40.451000
2400.662231	40.474000
2401.354065	40.498000
2404.813232	40.521000
2395.127563	40.544000
2398.586731	40.567000
2400.662231	40.590000
2400.662231	40.613000
2404.813232	40.635000
2403.429565	40.659000
2405.505066	40.682000
2409.656067	40.706000
2411.039734	40.729000
2413.115234	40.752000
2406.888733	40.775000
2421.417236	40.798000
2408.272400	40.821000
2411.731567	40.843000
2413.807068	40.867000
2411.731567	40.890000
2413.807068	40.914000
2418.649902	40.937000
2422.800903	40.961000
2420.725403	40.984000
2416.574402	41.007000
2423.492737	41.030000
2421.417236	41.052000
2422.800903	41.076000
2421.417236	41.099000
2422.800903	41.123000
2420.033569	41.146000
2438.713074	41.169000
2429.027405	41.192000
2440.788574	41.215000
2440.788574	41.238000
2433.870239	41.260000
2431.102905	41.284000
2417.266235	41.307000
2421.417236	41.331000
2422.109070	41.354000
2422.109070	41.377000
2417.958069	41.400000
2428.335571	41.423000
2440.096741	41.446000
2426.260071	41.468000
2422.800903	41.492000
2423.492737	41.515000
2437.329407	41.539000
2419.341736	41.562000
2431.794739	41.586000
2442.864075	41.609000
2441.480408	41.632000
2432.486572	41.655000
2437.329407	41.677000
2433.178406	41.701000
2442.172241	41.724000
2433.870239	41.748000
2429.027405	41.771000
2438.021240	41.794000
2435.253906	41.817000
2449.782410	41.840000
2441.480408	41.863000
2450.474243	41.885000
2453.241577	41.909000
2458.084412	41.932000
2451.166077	41.956000
2460.851746	41.979000
2458.776245	42.002000
2470.537415	42.025000
2464.310913	42.048000
2462.235413	42.071000
2458.776245	42.093000
2465.694580	42.117000
2456.700745	42.140000
2462.235413	42.164000
2448.398743	42.187000
2464.310913	42.211000
2476.072083	42.234000
2467.770081	42.257000
2462.927246	42.280000
2461.543579	42.302000
2463.619080	42.326000
2458.084412	42.349000
2469.845581	42.373000
2474.688416	42.396000
2476.763916	42.419000
2480.223083	42.442000
2476.763916	42.465000
2473.304749	42.488000
2463.619080	42.510000
2457.392578	42.534000
2457.392578	42.557000
2449.090576	42.581000
2452.549744	42.604000
2458.084412	42.627000
2459.468079	42.650000
2463.619080	42.673000
2468.461914	42.696000
2472.612915	42.718000
2485.757751	42.742000
2458.776245	42.765000
2475.380249	42.789000
2477.455750	42.812000
2475.380249	42.836000
2480.223083	42.859000
2475.380249	42.882000
2472.612915	42.905000
2469.845581	42.927000
2472.612915	42.951000
2475.380249	42.974000
2465.694580	42.998000
2471.229248	43.021000
2485.065918	43.044000
2484.374084	43.067000
2476.072083	43.090000
2473.304749	43.113000
2479.531250	43.135000
2477.455750	43.159000
2477.455750	43.182000
2494.751587	43.206000
2485.757751	43.229000
2475.380249	43.252000
2481.606750	43.275000
2481.606750	43.298000
2471.229248	43.321000
2483.682251	43.343000
2468.461914	43.367000
2467.078247	43.390000
2471.921082	43.414000
2468.461914	43.437000
2469.845581	43.461000
2462.235413	43.484000
2477.455750	43.507000
2475.380249	43.530000
2474.688416	43.552000
2465.002747	43.576000
2471.921082	43.599000
2480.914917	43.623000
2471.921082	43.646000
2473.996582	43.669000
2473.304749	43.692000
2476.763916	43.715000
2489.216919	43.738000
2485.757751	43.760000
2489.908752	43.784000
2495.443420	43.807000
2500.286255	43.831000
2496.827087	43.854000
2490.600586	43.877000
2503.053589	43.900000
2514.814758	43.923000
2502.361755	43.946000
2507.896423	43.968000
2499.594421	43.992000
2505.129089	44.015000
2498.902588	44.039000
2496.135254	44.062000
2499.594421	44.086000
2510.663757	44.109000
2505.129089	44.132000
2503.053589	44.155000
2502.361755	44.177000
2502.361755	44.201000
2491.292419	44.224000
2507.896423	44.248000
2504.437256	44.271000
2499.594421	44.294000
2508.588257	44.317000
2495.443420	44.340000
2503.745422	44.363000
2503.745422	44.385000
2516.198425	44.409000
2509.971924	44.432000
2519.657593	44.456000
2518.273926	44.479000
2515.506592	44.502000
2506.512756	44.525000
2498.210754	44.548000
2510.663757	44.571000
2524.500427	44.593000
2525.192261	44.617000
2529.343262	44.640000
2518.965759	44.664000
2519.657593	44.687000
2517.582092	44.711000
2528.651428	44.734000
2515.506592	44.757000
2514.122925	44.780000
2523.808594	44.802000
2513.431091	44.826000
2518.965759	44.849000
2516.890259	44.873000
2514.814758	44.896000
2526.575928	44.919000
2527.267761	44.942000
2521.733093	44.965000
2527.267761	44.988000
2531.418762	45.010000
2530.726929	45.034000
2528.651428	45.057000
2538.337097	45.081000
2521.733093	45.104000
2525.192261	45.127000
2520.349426	45.150000
2521.733093	45.173000
2518.965759	45.196000
2514.122925	45.218000
2530.726929	45.242000
2522.424927	45.265000
2536.261597	45.289000
2534.877930	45.312000
2529.343262	45.336000
2533.494263	45.359000
2545.947266	45.382000
2534.877930	45.405000
2539.720764	45.428000
2540.412598	45.452000
2522.424927	45.475000
2549.406433	45.499000
2535.569763	45.522000
2539.720764	45.545000
2549.406433	45.568000
2534.877930	45.591000
2530.035095	45.615000
2536.261597	45.638000
2536.261597	45.662000
2525.884094	45.685000
2541.796265	45.709000
2553.557434	45.732000
2548.714600	45.755000
2538.337097	45.778000
2531.418762	45.800000
2538.337097	45.824000
2531.418762	45.847000
2540.412598	45.871000
2539.028931	45.894000
2543.871765	45.918000
2541.796265	45.941000
2549.406433	45.964000
2539.028931	45.987000
2553.557434	46.009000
2543.179932	46.033000
2556.324768	46.056000
2544.563599	46.080000
2547.330933	46.103000
2552.173767	46.127000
2548.714600	46.150000
2548.714600	46.173000
2546.639099	46.196000
2538.337097	46.218000
2550.098267	46.242000
2554.941101	46.265000
2550.790100	46.289000
2548.022766	46.312000
2546.639099	46.336000
2545.947266	46.359000
2552.173767	46.382000
2544.563599	46.405000
2545.255432	46.427000
2540.412598	46.451000
2550.098267	46.474000
2543.179932	46.498000
2543.179932	46.521000
2554.249268	46.544000
2549.406433	46.567000
2556.324768	46.590000
2558.400269	46.613000
2558.400269	46.635000
2550.790100	46.659000
2557.708435	46.682000
2566.702271	46.706000
2560.475769	46.729000
2556.324768	46.752000
2559.783936	46.775000
2560.475769	46.798000
2560.475769	46.821000
2566.010437	46.843000
2576.387939	46.867000
2564.626770	46.890000
2562.551270	46.914000
2563.243103	46.937000
2571.545105	46.961000
2561.167603	46.984000
2553.557434	47.007000
2562.551270	47.030000
2559.092102	47.052000
2559.783936	47.076000
2570.161438	47.099000
2579.155273	47.123000
2571.545105	47.146000
2570.853271	47.169000
2570.161438	47.192000
2566.702271	47.215000
2566.702271	47.238000
2576.387939	47.260000
2566.010437	47.284000
2563.243103	47.307000
2570.161438	47.331000
2577.079773	47.354000
2570.161438	47.377000
2568.085937	47.400000
2573.620605	47.423000
2579.155273	47.446000
2572.928772	47.468000
2586.073608	47.492000
2578.463440	47.515000
2584.689941	47.539000
2569.469604	47.562000
2577.079773	47.586000
2582.614441	47.609000
2566.010437	47.632000
2570.853271	47.655000
2573.620605	47.677000
2583.306274	47.701000
2570.161438	47.724000
2586.073608	47.748000
2589.532776	47.771000
2600.602112	47.794000
2577.771606	47.817000
2589.532776	47.840000
2577.079773	47.863000
2577.771606	47.885000
2569.469604	47.909000
2586.765442	47.932000
2572.236938	47.956000
2582.614441	47.979000
2587.457275	48.002000
2588.840942	48.025000
2581.922607	48.048000
2590.224609	48.071000
2578.463440	48.093000
2575.696106	48.117000
2580.538940	48.140000
2572.928772	48.164000
2582.614441	48.187000
2584.689941	48.211000
2573.620605	48.234000
2579.847107	48.257000
2581.922607	48.280000
2583.306274	48.302000
2568.085937	48.326000
2581.230774	48.349000
2579.847107	48.373000
2579.847107	48.396000
2587.457275	48.419000
2590.916443	48.442000
2587.457275	48.465000
2586.765442	48.488000
2586.073608	48.510000
2595.067444	48.534000
2583.306274	48.557000
2589.532776	48.581000
2586.765442	48.604000
2585.381775	48.627000
2587.457275	48.650000
2583.998108	48.673000
2590.224609	48.696000
2588.840942	48.718000
2599.218445	48.742000
2596.451111	48.765000
2600.602112	48.789000
2599.218445	48.812000
2592.300110	48.836000
2590.916443	48.859000
2595.067444	48.882000
2583.306274	48.905000
2591.608276	48.927000
2600.602112	48.951000
2588.149109	48.974000
2592.991943	48.998000
2576.387939	49.021000
2588.149109	49.044000
2575.696106	49.067000
2569.469604	49.090000
2576.387939	49.113000
2577.079773	49.135000
2567.394104	49.159000
2574.312439	49.182000
2570.161438	49.206000
2571.545105	49.229000
2562.551270	49.252000
2565.318604	49.275000
2565.318604	49.298000
2572.236938	49.321000
2570.853271	49.343000
2569.469604	49.367000
2562.551270	49.390000
2572.236938	49.414000
2557.708435	49.437000
2561.167603	49.461000
2568.085937	49.484000
2566.702271	49.507000
2559.783936	49.530000
2572.236938	49.552000
2561.167603	49.576000
2566.010437	49.599000
2558.400269	49.623000
2567.394104	49.646000
2563.243103	49.669000
2554.249268	49.692000
2570.161438	49.715000
2573.620605	49.738000
2568.777771	49.760000
2575.004272	49.784000
2569.469604	49.807000
2573.620605	49.831000
2577.079773	49.854000
2581.230774	49.877000
2572.928772	49.900000
2582.614441	49.923000
2566.010437	49.946000
2577.771606	49.968000
2592.300110	49.992000
2590.916443	50.015000
2584.689941	50.039000
2581.922607	50.062000
2571.545105	50.086000
2580.538940	50.109000
2577.079773	50.132000
2581.230774	50.155000
2580.538940	50.177000
2578.463440	50.201000
2575.696106	50.224000
2568.085937	50.248000
2584.689941	50.271000
2579.155273	50.294000
2578.463440	50.317000
2571.545105	50.340000
2577.079773	50.363000
2576.387939	50.385000
2585.381775	50.409000
2598.526611	50.432000
2583.306274	50.456000
2571.545105	50.479000
2583.306274	50.502000
2583.998108	50.525000
2579.155273	50.548000
2575.004272	50.571000
2579.847107	50.593000
2579.847107	50.617000
2575.696106	50.640000
2577.079773	50.664000
2583.306274	50.687000
2582.614441	50.711000
2584.689941	50.734000
2575.696106	50.757000
2575.696106	50.780000
2578.463440	50.802000
2577.079773	50.826000
2577.079773	50.849000
2575.696106	50.873000
2569.469604	50.896000
2568.777771	50.919000
2579.847107	50.942000
2575.004272	50.965000
2567.394104	50.988000
2577.079773	51.010000
2579.155273	51.034000
2581.230774	51.057000
2575.004272	51.081000
2584.689941	51.104000
2583.998108	51.127000
2579.847107	51.150000
2586.765442	51.173000
2581.922607	51.196000
2586.073608	51.218000
2585.381775	51.242000
2588.840942	51.265000
2588.149109	51.289000
2578.463440	51.312000
2585.381775	51.336000
2581.922607	51.359000
2569.469604	51.382000
2576.387939	51.407000
2583.998108	51.430000
2573.620605	51.454000
2580.538940	51.477000
2566.010437	51.501000
2595.759277	51.524000
2579.847107	51.547000
2590.916443	51.570000
2589.532776	51.592000
2598.526611	51.616000
2600.602112	51.639000
2593.683777	51.663000
2583.998108	51.686000
2590.916443	51.710000
2586.073608	51.733000
2581.922607	51.756000
2575.696106	51.779000
2560.475769	51.801000
2583.998108	51.825000
2575.696106	51.848000
2580.538940	51.872000
2594.375610	51.895000
2587.457275	51.919000
2598.526611	51.942000
2592.991943	51.965000
2590.916443	51.988000
2590.224609	52.010000
2592.991943	52.034000
2596.451111	52.057000
2595.067444	52.081000
2607.520447	52.104000
2598.526611	52.127000
2604.061279	52.150000
2595.067444	52.173000
2595.067444	52.196000
2586.073608	52.218000
2590.916443	52.242000
2603.369446	52.265000
2606.136780	52.289000
2597.834778	52.312000
2606.828613	52.336000
2597.834778	52.359000
2596.451111	52.382000
2582.614441	52.405000
2581.922607	52.427000
2575.004272	52.451000
2587.457275	52.474000
2584.689941	52.498000
2580.538940	52.521000
2583.998108	52.544000
2595.067444	52.567000
2586.073608	52.590000
2598.526611	52.613000
2602.677612	52.635000
2590.916443	52.659000
2593.683777	52.682000
2594.375610	52.706000
2602.677612	52.729000
2601.293945	52.752000
2601.985779	52.775000
2598.526611	52.798000
2591.608276	52.821000
2594.375610	52.843000
2600.602112	52.867000
2594.375610	52.890000
2597.834778	52.915000
2595.067444	52.938000
2605.444946	52.961000
2604.061279	52.984000
2591.608276	53.007000
2590.224609	53.030000
2585.381775	53.052000
2580.538940	53.076000
2593.683777	53.099000
2587.457275	53.123000
2610.979614	53.146000
2592.991943	53.169000
2588.840942	53.192000
2601.985779	53.215000
2592.991943	53.238000
2596.451111	53.260000
2597.834778	53.284000
2599.218445	53.307000
2601.293945	53.331000
2599.910278	53.354000
2592.991943	53.377000
2607.520447	53.401000
2606.828613	53.425000
2604.061279	53.449000
2608.904114	53.472000
2583.306274	53.496000
2595.067444	53.519000
2597.142944	53.543000
2599.910278	53.566000
2597.834778	53.589000
2594.375610	53.612000
2587.457275	53.634000
2606.828613	53.658000
2605.444946	53.681000
2605.444946	53.705000
2603.369446	53.728000
2609.595947	53.752000
2583.306274	53.775000
2572.928772	53.798000
2583.306274	53.821000
2564.626770	53.843000
2575.004272	53.867000
2571.545105	53.890000
2570.161438	53.914000
2562.551270	53.937000
2572.236938	53.961000
2575.696106	53.984000
2575.004272	54.007000
2567.394104	54.030000
2587.457275	54.052000
2581.230774	54.076000
2575.004272	54.099000
2575.004272	54.123000
2568.777771	54.146000
2576.387939	54.169000
2577.771606	54.192000
2570.853271	54.215000
2570.853271	54.238000
2577.771606	54.260000
2566.702271	54.284000
2555.632935	54.307000
2563.934937	54.331000
2571.545105	54.354000
2568.777771	54.377000
2571.545105	54.400000
2567.394104	54.423000
2572.236938	54.446000
2568.777771	54.468000
2568.085937	54.492000
2570.161438	54.515000
2574.312439	54.539000
2571.545105	54.562000
2575.696106	54.586000
2566.702271	54.609000
2563.243103	54.632000
2572.236938	54.655000
2569.469604	54.677000
2578.463440	54.701000
2558.400269	54.724000
2556.324768	54.748000
2544.563599	54.771000
2543.871765	54.794000
2550.790100	54.817000
2551.481934	54.840000
2542.488098	54.863000
2538.337097	54.885000
2538.337097	54.909000
2544.563599	54.932000
2540.412598	54.956000
2552.173767	54.979000
2539.028931	55.002000
2540.412598	55.025000
2534.186096	55.048000
2528.651428	55.071000
2540.412598	55.093000
2541.104431	55.118000
2545.947266	55.141000
2550.098267	55.165000
2532.802429	55.188000
2538.337097	55.211000
2530.726929	55.234000
2534.877930	55.257000
2534.877930	55.280000
2543.179932	55.302000
2535.569763	55.326000
2536.261597	55.349000
2539.720764	55.373000
2539.028931	55.396000
2548.022766	55.419000
2546.639099	55.442000
2537.645264	55.465000
2534.877930	55.488000
2530.035095	55.510000
2530.035095	55.534000
2534.877930	55.557000
2534.877930	55.581000
2535.569763	55.604000
2539.720764	55.627000
2536.953430	55.650000
2529.343262	55.673000
2532.110596	55.696000
2534.186096	55.718000
2533.494263	55.742000
2539.720764	55.766000
2536.953430	55.790000
2527.959595	55.813000
2534.877930	55.836000
2518.273926	55.859000
2509.971924	55.882000
2510.663757	55.905000
2507.896423	55.927000
2516.890259	55.951000
2521.733093	55.974000
2514.122925	55.998000
2523.116760	56.021000
2505.129089	56.044000
2514.814758	56.067000
2520.349426	56.090000
2507.896423	56.113000
2516.890259	56.135000
2514.122925	56.159000
2510.663757	56.182000
2517.582092	56.206000
2516.198425	56.229000
2516.890259	56.252000
2512.739258	56.275000
2511.355591	56.298000
2511.355591	56.321000
2515.506592	56.343000
2521.041260	56.367000
2519.657593	56.390000
2516.890259	56.414000
2510.663757	56.437000
2494.059753	56.461000
2512.047424	56.484000
2498.902588	56.507000
2514.122925	56.530000
2501.669922	56.552000
2503.745422	56.576000
2508.588257	56.599000
2509.971924	56.623000
2506.512756	56.646000
2515.506592	56.669000
2521.041260	56.692000
2516.198425	56.715000
2508.588257	56.738000
2518.965759	56.760000
2518.965759	56.784000
2510.663757	56.807000
2532.110596	56.831000
2522.424927	56.854000
2516.890259	56.877000
2523.116760	56.900000
2518.273926	56.923000
2515.506592	56.946000
2507.204590	56.968000
2498.902588	56.992000
2505.129089	57.015000
2507.896423	57.039000
2499.594421	57.062000
2512.047424	57.086000
2505.129089	57.109000
2509.971924	57.132000
2508.588257	57.155000
2500.286255	57.177000
2507.204590	57.201000
2489.216919	57.224000
2513.431091	57.248000
2503.053589	57.271000
2498.902588	57.294000
2493.367920	57.317000
2496.827087	57.340000
2496.827087	57.363000
2493.367920	57.385000
2486.449585	57.409000
2497.518921	57.432000
2500.286255	57.456000
2482.990417	57.479000
2490.600586	57.502000
2505.129089	57.525000
2478.839417	57.548000
2494.059753	57.571000
2484.374084	57.593000
2486.449585	57.617000
2497.518921	57.640000
2503.745422	57.664000
2493.367920	57.687000
2475.380249	57.711000
2489.908752	57.734000
2487.833252	57.757000
2503.053589	57.780000
2492.676086	57.802000
2500.978088	57.826000
2490.600586	57.849000
2506.512756	57.873000
2507.896423	57.896000
2505.129089	57.919000
2499.594421	57.942000
2496.135254	57.965000
2497.518921	57.988000
2484.374084	58.010000
2475.380249	58.034000
2485.065918	58.057000
2483.682251	58.081000
2484.374084	58.104000
2475.380249	58.127000
2480.223083	58.150000
2483.682251	58.173000
2479.531250	58.196000
2478.839417	58.218000
2475.380249	58.242000
2476.763916	58.265000
2480.223083	58.289000
2476.072083	58.312000
2478.147583	58.336000
2478.839417	58.359000
2484.374084	58.382000
2491.292419	58.405000
2491.984253	58.427000
2476.763916	58.451000
2477.455750	58.474000
2480.223083	58.498000
2489.908752	58.521000
2486.449585	58.544000
2484.374084	58.567000
2480.223083	58.590000
2489.216919	58.613000
2476.072083	58.635000
2479.531250	58.659000
2470.537415	58.682000
2472.612915	58.706000
2473.996582	58.729000
2476.763916	58.752000
2470.537415	58.775000
2458.084412	58.798000
2469.153748	58.821000
2473.996582	58.843000
2462.927246	58.867000
2465.002747	58.890000
2462.235413	58.914000
2456.700745	58.937000
2479.531250	58.961000
2473.304749	58.984000
2478.147583	59.007000
2468.461914	59.030000
2463.619080	59.052000
2467.078247	59.076000
2452.549744	59.099000
2467.078247	59.123000
2471.921082	59.146000
2478.839417	59.169000
2465.694580	59.192000
2469.845581	59.215000
2471.229248	59.238000
2468.461914	59.260000
2467.078247	59.284000
2460.159912	59.307000
2453.933411	59.331000
2456.008911	59.354000
2458.084412	59.377000
2451.166077	59.401000
2447.015076	59.424000
2447.015076	59.447000
2450.474243	59.469000
2448.398743	59.493000
2451.857910	59.516000
2451.857910	59.540000
2450.474243	59.563000
2449.782410	59.586000
2461.543579	59.609000
2460.851746	59.632000
2470.537415	59.655000
2458.776245	59.677000
2454.625244	59.701000
2461.543579	59.724000
2463.619080	59.748000
2456.008911	59.771000
2453.241577	59.794000
2458.776245	59.817000
2457.392578	59.840000
2455.317078	59.863000
2453.241577	59.885000
2445.631409	59.909000
2443.555908	59.932000
2456.008911	59.956000
2456.008911	59.979000
2453.241577	60.002000
2454.625244	60.025000
2460.851746	60.048000
2460.159912	60.071000
2457.392578	60.093000
2457.392578	60.117000
2459.468079	60.140000
2467.078247	60.164000
2456.700745	60.187000
2445.631409	60.211000
2442.172241	60.234000
2447.015076	60.257000
2440.788574	60.280000
2450.474243	60.302000
2447.015076	60.326000
2438.713074	60.349000
2445.631409	60.373000
2442.172241	60.396000
2457.392578	60.419000
2454.625244	60.442000
2446.323242	60.465000
2442.864075	60.488000
2448.398743	60.510000
2445.631409	60.534000
2455.317078	60.557000
2451.857910	60.581000
2447.015076	60.604000
2444.247742	60.627000
2453.241577	60.650000
2444.247742	60.673000
2445.631409	60.696000
2438.713074	60.718000
2428.335571	60.742000
2423.492737	60.765000
2424.184570	60.789000
2406.888733	60.812000
2414.498901	60.836000
2415.882568	60.859000
2420.033569	60.882000
2406.196899	60.905000
2420.033569	60.927000
2417.958069	60.951000
2415.190735	60.974000
2424.876404	60.998000
2426.951904	61.021000
2416.574402	61.044000
2416.574402	61.067000
2413.115234	61.090000
2420.033569	61.113000
2412.423401	61.135000
2408.272400	61.159000
2414.498901	61.182000
2415.882568	61.206000
2417.958069	61.229000
2424.184570	61.252000
2427.643738	61.275000
2429.027405	61.298000
2417.266235	61.321000
2415.190735	61.343000
2416.574402	61.367000
2419.341736	61.390000
2421.417236	61.414000
2414.498901	61.437000
2416.574402	61.461000
2414.498901	61.484000
2411.039734	61.507000
2409.656067	61.530000
2399.970398	61.552000
2406.196899	61.576000
2415.190735	61.599000
2413.807068	61.623000
2411.731567	61.646000
2412.423401	61.669000
2413.115234	61.692000
2424.876404	61.715000
2425.568237	61.738000
2422.109070	61.760000
2424.184570	61.784000
2426.260071	61.807000
2410.347900	61.831000
2413.807068	61.854000
2408.272400	61.877000
2399.970398	61.900000
2408.964233	61.923000
2411.039734	61.946000
2402.737732	61.968000
2404.813232	61.992000
2393.743896	62.015000
2393.743896	62.039000
2385.441895	62.062000
2386.825562	62.086000
2384.058228	62.109000
2376.448059	62.132000
2376.448059	62.155000
2370.221558	62.177000
2369.529724	62.201000
2375.756226	62.224000
2377.139893	62.248000
2392.360229	62.271000
2376.448059	62.294000
2373.680725	62.317000
2374.372559	62.340000
2376.448059	62.363000
2370.221558	62.385000
2375.756226	62.409000
2385.441895	62.432000
2377.831726	62.456000
2383.366394	62.479000
2376.448059	62.502000
2360.535889	62.525000
2376.448059	62.548000
2374.372559	62.571000
2380.599060	62.593000
2360.535889	62.617000
2381.290894	62.640000
2370.221558	62.664000
2383.366394	62.687000
2379.215393	62.711000
2378.523560	62.734000
2394.435730	62.757000
2372.988892	62.780000
2377.831726	62.802000
2386.133728	62.826000
2376.448059	62.849000
2367.454224	62.873000
2362.611389	62.896000
2361.919556	62.919000
2358.460388	62.942000
2355.693054	62.965000
2352.925720	62.988000
2348.082886	63.010000
2347.391052	63.034000
2357.768555	63.057000
2357.768555	63.081000
2359.152222	63.104000
2340.472717	63.127000
2355.693054	63.150000
2356.384888	63.173000
2355.001221	63.196000
2355.693054	63.218000
2355.001221	63.243000
2351.542053	63.266000
2355.693054	63.290000
2352.233887	63.313000
2357.076721	63.336000
2366.762390	63.359000
2358.460388	63.382000
2353.617554	63.405000
2342.548218	63.427000
2344.623718	63.451000
2352.233887	63.474000
2367.454224	63.498000
2345.315552	63.521000
2347.391052	63.544000
2341.164551	63.567000
2330.787048	63.590000
2358.460388	63.613000
2346.699219	63.635000
2341.164551	63.659000
2334.938049	63.682000
2346.699219	63.706000
2342.548218	63.729000
2350.850220	63.752000
2355.001221	63.775000
2341.164551	63.798000
2341.856384	63.821000
2331.478882	63.843000
2323.868713	63.867000
2330.787048	63.890000
2314.874878	63.915000
2328.019714	63.938000
2327.327881	63.961000
2330.095215	63.984000
2323.868713	64.007000
2339.780884	64.030000
2327.327881	64.052000
2305.189209	64.076000
2284.434204	64.099000
2279.591370	64.123000
2278.207703	64.146000
2266.446533	64.169000
2251.918030	64.192000
2269.213867	64.215000
2267.138367	64.238000
2262.295532	64.260000
2270.597534	64.284000
2262.987366	64.307000
2252.609863	64.331000
2268.522034	64.354000
2258.836365	64.377000
2272.673035	64.400000
2247.767029	64.423000
2267.830200	64.446000
2263.679199	64.468000
2262.295532	64.492000
2270.597534	64.515000
2265.062866	64.539000
2266.446533	64.562000
2269.905701	64.586000
2267.138367	64.609000
2259.528198	64.632000
2260.220032	64.655000
2266.446533	64.677000
2261.603699	64.701000
2275.440369	64.724000
2267.138367	64.748000
2268.522034	64.771000
2262.987366	64.794000
2268.522034	64.817000
2266.446533	64.840000
2265.754700	64.863000
2274.748535	64.885000
2274.748535	64.909000
2269.213867	64.932000
2269.213867	64.956000
2268.522034	64.979000
2267.830200	65.002000
2273.364868	65.025000
2279.591370	65.048000
2266.446533	65.071000
2264.371033	65.093000
2262.295532	65.118000
2273.364868	65.141000
2260.911865	65.165000
2271.289368	65.188000
2266.446533	65.211000
2250.534363	65.234000
2260.220032	65.257000
2262.987366	65.280000
2269.905701	65.302000
2263.679199	65.326000
2253.301697	65.349000
2271.289368	65.373000
2265.062866	65.397000
2259.528198	65.421000
2262.295532	65.444000
2262.295532	65.467000
2249.150696	65.491000
2260.220032	65.514000
2253.993530	65.538000
2251.226196	65.561000
2242.924194	65.585000
2249.150696	65.608000
2253.301697	65.631000
2253.301697	65.654000
2267.138367	65.676000
2244.999695	65.700000
2250.534363	65.723000
2222.861023	65.747000
2207.640686	65.770000
2202.106018	65.794000
2198.646851	65.817000
2200.722351	65.840000
2197.955017	65.863000
2194.495850	65.885000
2193.804016	65.909000
2205.565186	65.932000
2197.955017	65.956000
2204.181519	65.979000
2204.873352	66.002000
2191.036682	66.025000
2196.571350	66.048000
2198.646851	66.071000
2185.502014	66.093000
2205.565186	66.117000
2184.810181	66.140000
2195.187683	66.164000
2197.263184	66.187000
2182.042847	66.211000
2193.112183	66.234000
2200.722351	66.257000
2195.879517	66.280000
2197.263184	66.302000
2199.338684	66.326000
2199.338684	66.349000
2201.414185	66.373000
2198.646851	66.396000
2188.961182	66.419000
2197.955017	66.442000
2207.640686	66.465000
2193.112183	66.488000
2192.420349	66.510000
2190.344849	66.534000
2193.112183	66.557000
2193.112183	66.581000
2197.955017	66.604000
2201.414185	66.627000
2196.571350	66.650000
2197.955017	66.673000
2199.338684	66.696000
2200.722351	66.718000
2206.257019	66.742000
2187.577515	66.765000
2191.728516	66.789000
2183.426514	66.812000
2186.885681	66.836000
2191.728516	66.859000
2184.810181	66.882000
2178.583679	66.905000
2180.659180	66.927000
2183.426514	66.951000
2186.885681	66.974000
2175.816345	66.998000
2190.344849	67.021000
2193.804016	67.044000
2182.734680	67.067000
2179.275513	67.090000
2184.118347	67.113000
2186.885681	67.135000
2189.653015	67.159000
2194.495850	67.182000
2182.734680	67.206000
2182.734680	67.229000
2190.344849	67.252000
2186.885681	67.275000
2176.508179	67.298000
2182.734680	67.321000
2173.049011	67.343000
2164.747009	67.367000
2157.136841	67.390000
2143.300171	67.414000
2155.061340	67.437000
2141.916504	67.461000
2132.922668	67.484000
2131.539001	67.507000
2139.149170	67.530000
2139.149170	67.552000
2140.532837	67.576000
2134.306335	67.599000
2119.085999	67.623000
2133.614502	67.646000
2143.992004	67.669000
2129.463501	67.692000
2148.143005	67.715000
2137.765503	67.738000
2134.306335	67.760000
2132.230835	67.784000
2134.306335	67.807000
2139.841003	67.831000
2131.539001	67.854000
2136.381836	67.877000
2128.771667	67.900000
2123.928833	67.923000
2121.853333	67.946000
2114.243164	67.968000
2123.928833	67.992000
2116.318665	68.015000
2112.859497	68.039000
2112.859497	68.062000
2108.016663	68.086000
2110.783997	68.109000
2106.632996	68.133000
2109.400330	68.157000
2105.941162	68.180000
2100.406494	68.204000
2101.098328	68.227000
2101.098328	68.251000
2090.720825	68.274000
2090.028992	68.297000
2081.726990	68.320000
2096.255493	68.342000
2092.104492	68.366000
2085.877991	68.389000
2081.726990	68.413000
2082.418823	68.436000
2078.959656	68.460000
2076.884155	68.483000
2087.953491	68.506000
2081.726990	68.529000
2087.953491	68.551000
2085.186157	68.575000
2093.488159	68.598000
2087.953491	68.622000
2085.877991	68.645000
2080.343323	68.669000
2090.720825	68.692000
2099.022827	68.715000
2079.651489	68.738000
2081.726990	68.761000
2093.488159	68.785000
2091.412659	68.808000
2085.877991	68.832000
2080.343323	68.855000
2072.733154	68.878000
2058.896484	68.901000
2056.820984	68.924000
2061.663818	68.947000
2040.216980	68.969000
2038.833313	68.993000
2038.833313	69.016000
2045.751648	69.040000
2053.361816	69.063000
2041.600647	69.086000
2047.135315	69.109000
2051.286316	69.132000
2056.129150	69.155000
2054.745483	69.177000
2058.204651	69.201000
2054.745483	69.224000
2049.210815	69.248000
2047.827148	69.271000
2048.518982	69.294000
2042.292480	69.317000
2052.669983	69.340000
2051.286316	69.363000
2040.216980	69.385000
2039.525146	69.410000
2051.978149	69.433000
2048.518982	69.457000
2045.059814	69.480000
2051.286316	69.503000
2033.990479	69.526000
2047.135315	69.549000
2031.223145	69.572000
2015.310974	69.594000
1989.021301	69.618000
1987.637634	69.641000
1979.335632	69.665000
1984.870300	69.688000
1987.637634	69.711000
1988.329468	69.734000
1971.725464	69.757000
1982.102966	69.780000
1967.574463	69.802000
1976.568298	69.826000
1975.184631	69.849000
1971.725464	69.873000
1978.643799	69.896000
1983.486633	69.919000
1989.021301	69.942000
1984.870300	69.965000
1985.562134	69.988000
1986.253967	70.010000
1980.027466	70.034000
1986.253967	70.057000
1985.562134	70.081000
1986.253967	70.104000
1982.794800	70.127000
1987.637634	70.150000
1991.096802	70.173000
1988.329468	70.196000
1966.882629	70.218000
1985.562134	70.242000
1997.323303	70.265000
1995.939636	70.289000
1991.096802	70.312000
1990.404968	70.336000
1977.260132	70.359000
1987.637634	70.382000
1982.102966	70.405000
1992.480469	70.427000
1985.562134	70.451000
1990.404968	70.474000
1991.788635	70.498000
1998.706970	70.521000
1993.172302	70.544000
1992.480469	70.567000
1993.172302	70.590000
1994.555969	70.613000
1994.555969	70.635000
1983.486633	70.659000
2009.776306	70.682000
1984.178467	70.706000
1988.329468	70.729000
1989.021301	70.752000
1986.945801	70.775000
1987.637634	70.798000
1981.411133	70.821000
1988.329468	70.843000
1977.260132	70.867000
1986.945801	70.890000
1984.870300	70.915000
1988.329468	70.938000
1973.109131	70.961000
1977.260132	70.984000
1977.260132	71.007000
1974.492798	71.030000
1974.492798	71.052000
1969.649963	71.076000
1971.033630	71.099000
1957.196960	71.123000
1945.435791	71.146000
1947.511292	71.169000
1947.511292	71.192000
1948.203125	71.215000
1943.360291	71.238000
1941.976624	71.260000
1937.825623	71.284000
1945.435791	71.307000
1937.825623	71.331000
1944.743958	71.354000
1943.360291	71.377000
1941.284790	71.401000
1935.058289	71.425000
1941.976624	71.449000
1939.901123	71.472000
1935.750122	71.496000
1939.901123	71.519000
1945.435791	71.543000
1946.127625	71.566000
1935.750122	71.589000
1944.052124	71.612000
1939.209290	71.634000
1936.441956	71.658000
1932.982788	71.681000
1932.290955	71.705000
1936.441956	71.728000
1932.982788	71.752000
1930.907288	71.775000
1930.215454	71.798000
1926.064453	71.821000
1934.366455	71.843000
1916.378784	71.867000
1926.756287	71.890000
1927.448120	71.915000
1923.988953	71.938000
1910.844116	71.961000
1935.058289	71.984000
1923.988953	72.007000
1938.517456	72.030000
1931.599121	72.052000
1919.837952	72.076000
1926.064453	72.099000
1920.529785	72.123000
1924.680786	72.146000
1923.988953	72.169000
1922.605286	72.192000
1920.529785	72.215000
1911.535950	72.238000
1904.617615	72.260000
1921.221619	72.284000
1906.693115	72.307000
1890.780945	72.331000
1867.258606	72.354000
1841.660767	72.377000
1855.497437	72.400000
1838.893433	72.423000
1827.132263	72.446000
1843.736267	72.468000
1840.277100	72.492000
1839.585266	72.515000
1825.748596	72.539000
1846.503601	72.562000
1853.421936	72.586000
1832.666931	72.609000
1847.887268	72.632000
1861.723938	72.655000
1858.264771	72.677000
1848.579102	72.701000
1847.887268	72.724000
1847.887268	72.748000
1834.742432	72.771000
1849.270935	72.794000
1845.119934	72.817000
1843.736267	72.840000
1850.654602	72.863000
1841.660767	72.885000
1847.887268	72.909000
1845.119934	72.932000
1848.579102	72.956000
1847.887268	72.979000
1850.654602	73.002000
1852.038269	73.025000
1843.736267	73.048000
1844.428101	73.071000
1847.887268	73.093000
1835.434265	73.117000
1848.579102	73.140000
1846.503601	73.164000
1852.730103	73.187000
1847.195435	73.211000
1849.270935	73.234000
1851.346436	73.257000
1857.572937	73.280000
1843.736267	73.302000
1846.503601	73.326000
1848.579102	73.349000
1840.277100	73.373000
1827.132263	73.396000
1839.585266	73.419000
1842.352600	73.442000
1838.893433	73.465000
1838.201599	73.488000
1845.811768	73.510000
1844.428101	73.534000
1838.893433	73.557000
1836.126099	73.581000
1849.270935	73.604000
1831.975098	73.627000
1842.352600	73.650000
1845.119934	73.673000
1842.352600	73.696000
1836.126099	73.718000
1850.654602	73.742000
1834.742432	73.765000
1834.050598	73.789000
1849.962769	73.812000
1823.673096	73.836000
1804.301758	73.859000
1801.534424	73.882000
1805.685425	73.905000
1791.848755	73.927000
1794.616089	73.951000
1791.156921	73.974000
1787.005920	73.998000
1781.471252	74.021000
1787.697754	74.044000
1780.087585	74.067000
1785.622253	74.090000
1764.175415	74.113000
1768.326416	74.135000
1768.326416	74.159000
1754.489746	74.182000
1744.112244	74.206000
1752.414246	74.229000
1748.263245	74.252000
1741.344910	74.275000
1739.269409	74.298000
1743.420410	74.321000
1749.646912	74.343000
1746.879578	74.367000
1751.030579	74.390000
1752.414246	74.415000
1755.873413	74.438000
1749.646912	74.461000
1747.571411	74.484000
1746.187744	74.507000
1755.873413	74.530000
1757.948914	74.552000
1739.269409	74.576000
1752.414246	74.599000
1751.030579	74.623000
1751.030579	74.646000
1751.030579	74.669000
1758.640747	74.692000
1748.263245	74.715000
1739.269409	74.738000
1730.967407	74.760000
1643.796387	74.784000
1644.488220	74.807000
1642.412720	74.831000
1633.418884	74.854000
1639.645386	74.877000
1641.029053	74.900000
1639.645386	74.923000
1634.110718	74.946000
1636.878052	74.968000
1638.261719	74.992000
1636.186218	75.015000
1635.494385	75.039000
1636.878052	75.062000
1648.639221	75.086000
1634.802551	75.109000
1645.180054	75.132000
1644.488220	75.155000
1645.180054	75.177000
1643.796387	75.201000
1652.790222	75.224000
1658.324890	75.248000
1643.104553	75.271000
1643.796387	75.294000
1646.563721	75.317000
1643.796387	75.340000
1638.953552	75.363000
1643.104553	75.385000
1644.488220	75.409000
1647.255554	75.432000
1643.104553	75.456000
1643.104553	75.479000
1656.249390	75.502000
1646.563721	75.525000
1645.180054	75.548000
1645.180054	75.571000
1645.180054	75.593000
1655.557556	75.620000
1647.255554	75.643000
1647.255554	75.667000
1638.953552	75.690000
1657.633057	75.713000
1656.941223	75.736000
1657.633057	75.759000
1654.173889	75.783000
1644.488220	75.806000
1654.173889	75.830000
1644.488220	75.854000
1638.261719	75.878000
1647.255554	75.901000
1650.714722	75.924000
1651.406555	75.947000
1646.563721	75.969000
1650.022888	75.994000
1643.796387	76.017000
1646.563721	76.041000
1647.255554	76.064000
1654.173889	76.087000
1651.406555	76.110000
1648.639221	76.133000
1638.953552	76.157000
1630.651550	76.180000
1623.733215	76.204000
1620.274048	76.227000
1618.890381	76.251000
1611.972046	76.274000
1616.123047	76.297000
1611.972046	76.320000
1605.053711	76.342000
1604.361877	76.366000
1611.280212	76.389000
1591.217041	76.414000
1605.745544	76.437000
1607.129211	76.461000
1601.594543	76.484000
1600.210876	76.507000
1604.361877	76.530000
1605.745544	76.552000
1605.745544	76.576000
1598.135376	76.599000
1601.594543	76.623000
1607.129211	76.646000
1614.739380	76.669000
1603.670044	76.692000
1593.984375	76.715000
1598.827209	76.738000
1604.361877	76.760000
1607.129211	76.784000
1604.361877	76.807000
1605.053711	76.831000
1619.582214	76.854000
1598.827209	76.877000
1606.437378	76.900000
1598.135376	76.923000
1606.437378	76.946000
1605.053711	76.968000
1596.751709	76.992000
1601.594543	77.015000
1603.670044	77.039000
1602.286377	77.062000
1593.984375	77.086000
1562.160034	77.109000
1553.166199	77.132000
1547.631531	77.157000
1540.713196	77.180000
1534.486694	77.204000
1536.562195	77.227000
1538.637695	77.251000
1524.109192	77.274000
1537.945862	77.297000
1524.801025	77.320000
1535.870361	77.342000
1527.568359	77.366000
1525.492859	77.389000
1525.492859	77.413000
1540.713196	77.436000
1537.254028	77.460000
1521.341858	77.483000
1535.178528	77.506000
1538.637695	77.529000
1537.945862	77.551000
1533.794861	77.575000
1535.870361	77.598000
1535.870361	77.622000
1540.713196	77.645000
1537.945862	77.669000
1535.870361	77.692000
1543.480530	77.715000
1539.329529	77.738000
1537.945862	77.760000
1543.480530	77.784000
1539.329529	77.807000
1538.637695	77.831000
1533.103027	77.854000
1539.329529	77.877000
1541.405029	77.900000
1540.021362	77.923000
1537.945862	77.946000
1543.480530	77.968000
1539.329529	77.992000
1544.864197	78.015000
1525.492859	78.039000
1533.103027	78.062000
1533.794861	78.086000
1531.719360	78.109000
1522.033691	78.132000
1506.813354	78.157000
1488.133850	78.180000
1484.674683	78.204000
1488.133850	78.227000
1492.284851	78.251000
1494.360352	78.274000
1494.360352	78.297000
1492.284851	78.320000
1492.976685	78.342000
1485.366516	78.366000
1495.744019	78.390000
1498.511353	78.415000
1488.133850	78.439000
1488.133850	78.463000
1510.964355	78.486000
1491.593018	78.508000
1492.976685	78.532000
1486.058350	78.555000
1477.064514	78.579000
1481.907349	78.602000
1493.668518	78.626000
1486.750183	78.649000
1492.976685	78.672000
1477.756348	78.695000
1490.901184	78.717000
1490.209351	78.741000
1489.517517	78.764000
1494.360352	78.788000
1487.442017	78.811000
1490.209351	78.835000
1495.052185	78.858000
1484.674683	78.881000
1477.756348	78.904000
1488.825684	78.926000
1501.278687	78.950000
1493.668518	78.973000
1501.278687	78.997000
1471.529846	79.020000
1483.291016	79.044000
1492.976685	79.067000
1498.511353	79.090000
1497.819519	79.113000
1486.750183	79.135000
1484.674683	79.159000
1477.064514	79.182000
1482.599182	79.206000
1490.209351	79.229000
1475.680847	79.252000
1472.221680	79.275000
1467.378845	79.298000
1472.913513	79.321000
1464.611511	79.343000
1465.303345	79.367000
1468.070679	79.390000
1457.001343	79.415000
1471.529846	79.438000
1458.385010	79.461000
1468.070679	79.484000
1438.321838	79.507000
1457.693176	79.530000
1450.774841	79.552000
1445.932007	79.576000
1457.693176	79.599000
1449.391174	79.623000
1436.246338	79.646000
1450.774841	79.669000
1452.158508	79.692000
1453.542175	79.715000
1443.164673	79.738000
1456.309509	79.760000
1453.542175	79.784000
1445.932007	79.807000
1447.315674	79.831000
1447.315674	79.854000
1454.234009	79.877000
1448.699341	79.900000
1445.240173	79.923000
1438.321838	79.947000
1440.397339	79.969000
1447.315674	79.993000
1436.246338	80.016000
1443.164673	80.040000
1441.089172	80.063000
1418.950500	80.086000
1436.246338	80.109000
1430.711670	80.132000
1433.479004	80.155000
1437.630005	80.177000
1434.170837	80.201000
1421.717834	80.224000
1422.409668	80.248000
1427.252502	80.271000
1436.246338	80.294000
1422.409668	80.317000
1427.252502	80.340000
1436.938171	80.363000
1422.409668	80.385000
1422.409668	80.409000
1420.334167	80.432000
1416.875000	80.456000
1409.956665	80.479000
1412.032166	80.502000
1418.258667	80.525000
1415.491333	80.548000
1408.572998	80.571000
1413.415833	80.593000
1414.107666	80.617000
1419.642334	80.640000
1410.648499	80.664000
1415.491333	80.687000
1425.868835	80.711000
1413.415833	80.734000
1414.799500	80.758000
1402.346497	80.782000
1409.264832	80.806000
1420.334167	80.830000
1416.875000	80.853000
1416.875000	80.877000
1414.107666	80.900000
1416.183167	80.923000
1414.107666	80.947000
1426.560669	80.969000
1409.956665	80.993000
1398.887329	81.016000
1409.264832	81.040000
1403.038330	81.063000
1405.113831	81.087000
1404.421997	81.110000
1407.881165	81.133000
1407.189331	81.157000
1407.189331	81.180000
1412.723999	81.204000
1409.264832	81.228000
1406.497498	81.252000
1394.736328	81.275000
1398.887329	81.298000
1414.107666	81.321000
1400.270996	81.343000
1417.566833	81.367000
1412.723999	81.390000
1396.811829	81.415000
1398.887329	81.438000
1396.811829	81.461000
1398.195496	81.484000
1401.654663	81.507000
1400.962830	81.530000
1400.962830	81.552000
1394.736328	81.576000
1395.428162	81.599000
1390.585327	81.623000
1399.579163	81.646000
1397.503662	81.669000
1390.585327	81.692000
1400.962830	81.715000
1407.881165	81.738000
1399.579163	81.761000
1396.811829	81.785000
1401.654663	81.809000
1393.352661	81.833000
1405.805664	81.856000
1396.811829	81.879000
1399.579163	81.902000
1396.119995	81.925000
1364.295654	81.950000
1366.371155	81.973000
1349.767151	81.997000
1349.767151	82.020000
1355.301819	82.044000
1341.465149	82.067000
1349.075317	82.090000
1338.697815	82.113000
1353.226318	82.135000
1346.999817	82.159000
1346.307983	82.182000
1346.307983	82.206000
1344.232483	82.229000
1344.232483	82.252000
1348.383484	82.275000
1349.767151	82.298000
1340.773315	82.321000
1347.691650	82.343000
1343.540649	82.367000
1342.156982	82.390000
1360.836487	82.415000
1346.999817	82.438000
1345.616150	82.461000
1330.395813	82.484000
1344.924316	82.507000
1330.395813	82.530000
1343.540649	82.552000
1346.307983	82.576000
1355.301819	82.599000
1340.773315	82.623000
1352.534485	82.646000
1341.465149	82.669000
1343.540649	82.692000
1340.081482	82.715000
1346.307983	82.738000
1353.918152	82.761000
1349.767151	82.785000
1344.232483	82.808000
1339.389648	82.832000
1334.546814	82.855000
1344.232483	82.878000
1344.924316	82.901000
1344.232483	82.924000
1348.383484	82.947000
1349.075317	82.969000
1344.232483	82.993000
1330.395813	83.016000
1337.314148	83.040000
1343.540649	83.064000
1351.842651	83.087000
1347.691650	83.110000
1324.861145	83.133000
1344.924316	83.158000
1340.081482	83.182000
1347.691650	83.206000
1338.005981	83.229000
1343.540649	83.252000
1344.924316	83.275000
1344.232483	83.298000
1339.389648	83.321000
1349.075317	83.343000
1340.773315	83.367000
1333.163147	83.390000
1339.389648	83.414000
1341.465149	83.437000
1340.081482	83.461000
1340.081482	83.484000
1338.005981	83.507000
1338.697815	83.530000
1340.773315	83.552000
1339.389648	83.576000
1346.999817	83.599000
1293.036804	83.623000
1209.324951	83.646000
1098.631592	83.669000
977.560730	83.692000
822.590027	83.715000
714.664001	83.738000
653.782654	83.760000
544.472961	83.784000
473.905945	83.807000
401.955261	83.831000
343.149414	83.855000
282.268066	83.878000
250.443726	83.901000
205.474548	83.924000
174.342041	83.947000
153.587036	83.969000
134.907532	83.993000
107.926025	84.016000
95.473022	84.041000
78.177185	84.064000
71.950684	84.087000
67.799683	84.110000
52.579346	84.133000
44.969177	84.157000
26.981506	84.180000
29.748840	84.205000
19.371338	84.228000
19.371338	84.252000
10.377502	84.275000
13.144836	84.298000
-2.075500	84.321000
2.075500	84.343000
-7.610168	84.367000
-22.830505	84.390000
-24.906006	84.415000
-17.295837	84.438000
-12.453003	84.461000
-17.987671	84.484000
-18.679504	84.507000
-8.993835	84.530000
-22.138672	84.552000
-13.836670	84.576000
-15.220337	84.599000
-11.069336	84.623000
-16.604004	84.646000
-13.836670	84.669000
-20.063171	84.692000
-17.295837	84.715000
-12.453003	84.738000
-22.830505	84.760000
-17.987671	84.784000
-9.685669	84.807000
-17.987671	84.831000
-15.220337	84.854000
-17.295837	84.877000
-7.610168	84.900000
-20.755005	84.923000
-12.453003	84.946000
-13.144836	84.968000
-13.144836	84.992000
-17.295837	85.015000
-14.528503	85.040000
-23.522339	85.063000
-19.371338	85.086000
-23.522339	85.109000
-21.446838	85.132000
-26.981506	85.155000
-15.912170	85.178000
-17.987671	85.203000
-20.063171	85.226000
-12.453003	85.250000
-22.830505	85.273000
-20.755005	85.296000
-17.987671	85.319000
-13.144836	85.342000
-23.522339	85.366000
-20.063171	85.389000
-24.214172	85.413000
-22.138672	85.436000
-9.685669	85.460000
-20.063171	85.483000
-15.220337	85.506000
-16.604004	85.529000
-23.522339	85.551000
-34.591675	85.575000
-14.528503	85.598000
-26.981506	85.622000
-20.755005	85.645000
-20.063171	85.669000
-20.063171	85.692000
-22.830505	85.715000
-21.446838	85.738000
-15.220337	85.760000
-22.138672	85.784000
-24.214172	85.807000
-22.830505	85.831000
-24.214172	85.854000
-22.138672	85.877000
-15.912170	85.902000
-25.597839	85.925000
-26.289673	85.949000
-24.906006	85.972000
-24.906006	85.996000
-22.138672	86.019000
-22.138672	86.043000
-30.440674	86.066000
-25.597839	86.089000
-22.830505	86.112000
-30.440674	86.134000
-24.906006	86.158000
-35.283508	86.182000
-22.830505	86.206000
-30.440674	86.230000
-28.365173	86.253000
-18.679504	86.276000
-23.522339	86.299000
-27.673340	86.322000
-22.830505	86.344000
-23.522339	86.368000
-29.057007	86.391000
-26.981506	86.416000
-22.830505	86.439000
-18.679504	86.462000
-24.906006	86.485000
-31.132507	86.508000
-26.289673	86.532000
-22.830505	86.555000
-36.667175	86.579000
-18.679504	86.602000
-17.987671	86.626000
-8.302002	86.649000
-19.371338	86.672000
-28.365173	86.695000
-29.057007	86.717000
-26.981506	86.741000
-17.295837	86.764000
-13.144836	86.789000
-24.214172	86.812000
-20.063171	86.836000
-20.755005	86.859000
-22.830505	86.882000
-24.906006	86.905000
-15.220337	86.927000
-20.755005	86.951000
-23.522339	86.974000
-24.906006	86.998000
-22.830505	87.021000
-22.830505	87.044000
-19.371338	87.067000
-13.144836	87.090000
-29.748840	87.113000
-21.446838	87.135000
-31.824341	87.159000
-24.906006	87.183000
-13.836670	87.207000
-24.906006	87.231000
-29.057007	87.254000
-24.214172	87.278000
-25.597839	87.300000
-26.289673	87.325000
-23.522339	87.349000
-25.597839	87.373000
-28.365173	87.397000
-22.830505	87.420000
-22.830505	87.443000
-28.365173	87.466000
-14.528503	87.490000
-35.975342	87.514000
-19.371338	87.538000
-24.214172	87.561000
-24.906006	87.585000
-19.371338	87.608000
-17.295837	87.631000
-25.597839	87.654000
-15.220337	87.676000
-19.371338	87.700000
-13.836670	87.724000
-17.987671	87.749000
-23.522339	87.772000
-27.673340	87.796000
-20.063171	87.819000
-15.220337	87.842000
-22.830505	87.867000
-21.446838	87.890000
-29.748840	87.915000
-18.679504	87.938000
-26.289673	87.962000
-24.906006	87.985000
-34.591675	88.008000
-35.283508	88.033000
-20.755005	88.056000
-21.446838	88.080000
-22.830505	88.104000
-16.604004	88.128000
-14.528503	88.151000
-26.981506	88.174000
-18.679504	88.199000
-24.214172	88.222000
-23.522339	88.246000
-27.673340	88.269000
-21.446838	88.294000
-27.673340	88.317000
-29.748840	88.341000
-20.755005	88.366000
-26.289673	88.389000
-22.138672	88.413000
-26.981506	88.437000
-17.295837	88.461000
-13.836670	88.484000
-6.226501	88.508000
-26.289673	88.532000
-16.604004	88.556000
-35.975342	88.581000
-26.981506	88.605000
-20.063171	88.630000
-20.755005	88.653000
-17.987671	88.675000
-35.975342	88.700000
-26.981506	88.723000
-25.597839	88.747000
-17.987671	88.770000
-23.522339	88.795000
-15.912170	88.818000
-12.453003	88.842000
-16.604004	88.866000
-20.063171	88.889000
-20.755005	88.913000
-25.597839	88.936000
-25.597839	88.961000
-24.214172	88.984000
-15.912170	89.007000
-20.063171	89.032000
-29.057007	89.056000
-22.138672	89.080000
-22.830505	89.104000
-20.063171	89.128000
-10.377502	89.151000
-25.597839	89.174000
-25.597839	89.199000
-29.057007	89.222000
-24.214172	89.246000
-27.673340	89.269000
-17.987671	89.293000
-19.371338	89.316000
-29.057007	89.339000
-22.138672	89.362000
-17.987671	89.384000
-26.289673	89.408000
-24.214172	89.431000
-24.214172	89.455000
-25.597839	89.478000
-19.371338	89.502000
-20.755005	89.526000
-10.377502	89.549000
-19.371338	89.572000
-33.208008	89.594000
-22.138672	89.619000
-23.522339	89.642000
-35.283508	89.667000
-16.604004	89.690000
-25.597839	89.713000
-27.673340	89.736000
-25.597839	89.759000
-15.912170	89.784000
-22.138672	89.807000
-26.289673	89.831000
-20.755005	89.855000
-23.522339	89.879000
-12.453003	89.902000
-18.679504	89.925000
-8.302002	89.950000
-13.836670	89.973000
-30.440674	89.997000
-21.446838	90.020000
-15.912170	90.044000
-22.830505	90.067000
-24.214172	90.091000
-23.522339	90.116000
-26.289673	90.139000
-23.522339	90.164000
-22.138672	90.188000
-15.912170	90.211000
-24.214172	90.234000
-15.220337	90.257000
-24.214172	90.280000
-25.597839	90.302000
-26.289673	90.327000
-20.755005	90.351000
-20.063171	90.375000
-8.993835	90.399000
-20.063171	90.422000
-24.906006	90.446000
-20.755005	90.468000
-14.528503	90.493000
-20.755005	90.516000
-23.522339	90.541000
-20.755005	90.564000
-24.214172	90.588000
-35.283508	90.611000
-18.679504	90.634000
-19.371338	90.658000
-24.214172	90.681000
-20.755005	90.705000
-22.830505	90.728000
-15.912170	90.752000
-15.912170	90.775000
-24.214172	90.799000
-24.214172	90.822000
-26.981506	90.845000
-21.446838	90.869000
-13.836670	90.893000
-31.824341	90.918000
-17.987671	90.941000
-38.050842	90.965000
-25.597839	90.988000
-29.057007	91.011000
-35.283508	91.035000
-18.679504	91.059000
-10.377502	91.083000
-19.371338	91.106000
-26.289673	91.130000
-25.597839	91.154000
-17.987671	91.177000
-27.673340	91.201000
-34.591675	91.225000
-9.685669	91.249000
-22.138672	91.272000
-26.289673	91.296000
-39.434509	91.319000
-20.063171	91.342000
-17.295837	91.367000
-34.591675	91.390000
-25.597839	91.415000
-22.138672	91.438000
-24.214172	91.462000
-24.214172	91.485000
-32.516174	91.508000
-29.057007	91.532000
-15.220337	91.556000
-20.755005	91.580000
-21.446838	91.604000
-12.453003	91.628000
-26.981506	91.651000
-12.453003	91.674000
-38.050842	91.699000
-22.830505	91.722000
-26.981506	91.747000
-22.830505	91.770000
-20.063171	91.794000
-25.597839	91.817000
-19.371338	91.840000
-17.987671	91.863000
-20.755005	91.886000
-19.371338	91.910000
-18.679504	91.934000
-23.522339	91.959000
-18.679504	91.982000
-24.906006	92.006000
-27.673340	92.029000
-17.987671	92.052000
-26.289673	92.077000
-20.063171	92.101000
-27.673340	92.125000
-18.679504	92.148000
-23.522339	92.171000
-24.906006	92.194000
-20.755005	92.217000
-23.522339	92.242000
-14.528503	92.266000
-20.755005	92.291000
-21.446838	92.314000
-16.604004	92.337000
-16.604004	92.360000
-26.289673	92.383000
-24.906006	92.408000
-15.912170	92.432000
-20.063171	92.457000
-18.679504	92.480000
-23.522339	92.503000
-14.528503	92.527000
-26.289673	92.550000
-25.597839	92.575000
-20.063171	92.598000
-20.063171	92.623000
-24.214172	92.646000
-27.673340	92.670000
-24.214172	92.694000
-24.214172	92.717000
-8.993835	92.742000
-24.906006	92.765000
-26.981506	92.790000
-29.748840	92.813000
-40.126343	92.836000
-18.679504	92.860000
-22.830505	92.883000
-22.138672	92.907000
-13.836670	92.931000
-24.214172	92.956000
-25.597839	92.979000
-26.289673	93.002000
-20.063171	93.026000
-23.522339	93.050000
-24.906006	93.074000
-25.597839	93.097000
-25.597839	93.122000
-24.214172	93.145000
-24.214172	93.170000
-21.446838	93.194000
-24.214172	93.217000
-22.830505	93.242000
-21.446838	93.266000
-25.597839	93.291000
-26.289673	93.314000
-26.981506	93.338000
-17.987671	93.362000
-25.597839	93.385000
-25.597839	93.409000
-23.522339	93.432000
-22.830505	93.456000
-22.830505	93.479000
-23.522339	93.503000
-36.667175	93.527000
-34.591675	93.550000
-22.138672	93.575000
-34.591675	93.599000
-15.220337	93.624000
-20.755005	93.647000
-24.214172	93.670000
-21.446838	93.694000
-24.906006	93.717000
-20.755005	93.742000
-25.597839	93.765000
-7.610168	93.790000
-20.063171	93.813000
-19.371338	93.837000
-27.673340	93.861000
-12.453003	93.884000
-13.144836	93.909000
-27.673340	93.933000
-22.138672	93.957000
-15.912170	93.980000
-28.365173	94.004000
-22.138672	94.028000
-23.522339	94.051000
-18.679504	94.075000
-20.063171	94.098000
-14.528503	94.122000
-13.836670	94.146000
-20.063171	94.170000
-14.528503	94.194000
-11.069336	94.217000
-15.912170	94.242000
-14.528503	94.265000
-22.830505	94.289000
-19.371338	94.313000
-19.371338	94.337000
-26.289673	94.361000
-24.214172	94.384000
-25.597839	94.409000
-27.673340	94.433000
-18.679504	94.457000
-27.673340	94.480000
-26.981506	94.504000
-26.289673	94.528000
-20.755005	94.550000
-24.906006	94.575000
-22.138672	94.599000
-23.522339	94.624000
-29.057007	94.647000
-31.824341	94.671000
-32.516174	94.695000
-26.289673	94.718000
-29.748840	94.743000
-24.214172	94.766000
-26.289673	94.791000
-29.748840	94.814000
-15.912170	94.838000
-31.132507	94.862000
-38.742676	94.885000
-40.818176	94.910000
-29.057007	94.933000
-22.830505	94.958000
-27.673340	94.982000
-24.906006	95.006000
-25.597839	95.030000
-26.981506	95.053000
-31.824341	95.077000
-40.126343	95.100000
-24.214172	95.125000
-29.748840	95.148000
-35.283508	95.172000
-30.440674	95.196000
-29.057007	95.219000
-24.906006	95.244000
-32.516174	95.268000
-35.283508	95.293000
-35.975342	95.316000
-40.126343	95.340000
-28.365173	95.365000
-22.138672	95.389000
-32.516174	95.414000
-26.981506	95.437000
-33.208008	95.462000
-32.516174	95.485000
-31.132507	95.508000
-29.748840	95.533000
-28.365173	95.557000
-29.748840	95.582000
-28.365173	95.606000
-31.132507	95.630000
-23.522339	95.653000
-24.214172	95.675000
-29.057007	95.700000
-19.371338	95.724000
-29.057007	95.749000
-22.138672	95.772000
-28.365173	95.795000
-33.208008	95.818000
-29.748840	95.842000
-28.365173	95.867000
-33.208008	95.891000
-33.899841	95.916000
-32.516174	95.939000
-29.057007	95.963000
-29.748840	95.986000
-49.812012	96.009000
-31.132507	96.034000
-22.138672	96.058000
-28.365173	96.083000
-32.516174	96.107000
-20.063171	96.130000
-22.138672	96.153000
-38.742676	96.176000
-26.981506	96.201000
-24.214172	96.224000
-26.289673	96.249000
-28.365173	96.272000
-32.516174	96.296000
-35.283508	96.319000
-33.208008	96.342000
-30.440674	96.367000
-29.748840	96.390000
-29.748840	96.415000
-32.516174	96.438000
-52.579346	96.462000
-30.440674	96.485000
-26.981506	96.508000
-34.591675	96.533000
-31.132507	96.557000
-29.748840	96.582000
-44.277344	96.606000
-28.365173	96.630000
-21.446838	96.653000
-29.057007	96.676000
-33.899841	96.701000
-31.824341	96.724000
-29.748840	96.749000
-30.440674	96.772000
-30.440674	96.795000
-22.830505	96.818000
-24.214172	96.842000
-26.289673	96.867000
-31.132507	96.890000
-35.975342	96.915000
-45.661011	96.939000
-35.283508	96.963000
-33.899841	96.986000
-38.050842	97.009000
-26.981506	97.034000
-29.057007	97.058000
-32.516174	97.083000
-34.591675	97.107000
-27.673340	97.131000
-34.591675	97.154000
-37.359009	97.177000
-40.126343	97.202000
-28.365173	97.225000
-26.981506	97.250000
-29.748840	97.274000
-24.906006	97.298000
-33.208008	97.321000
-29.748840	97.344000
-20.063171	97.369000
-34.591675	97.392000
-30.440674	97.417000
-32.516174	97.441000
-29.748840	97.465000
-30.440674	97.490000
-33.899841	97.514000
-33.208008	97.539000
-24.214172	97.563000
-25.597839	97.587000
-29.748840	97.611000
-31.132507	97.634000
-38.742676	97.658000
-27.673340	97.682000
-28.365173	97.707000
-42.893677	97.731000
-15.220337	97.755000
-21.446838	97.779000
-32.516174	97.802000
-22.138672	97.827000
-25.597839	97.851000
-20.063171	97.876000
-33.899841	97.900000
-29.057007	97.923000
-35.975342	97.947000
-31.824341	97.970000
-31.824341	97.995000
-31.132507	98.019000
-42.201843	98.043000
-29.748840	98.067000
-32.516174	98.091000
-26.981506	98.116000
-13.144836	98.140000
-29.057007	98.165000
-35.283508	98.189000
-31.824341	98.213000
-22.138672	98.237000
-26.981506	98.260000
-27.673340	98.286000
-26.289673	98.309000
-30.440674	98.334000
-34.591675	98.358000
-29.748840	98.382000
-29.057007	98.407000
-33.899841	98.430000
-33.208008	98.455000
-29.057007	98.479000
-20.063171	98.502000
-30.440674	98.526000
-26.289673	98.549000
-22.830505	98.574000
-31.824341	98.598000
-32.516174	98.623000
-31.132507	98.647000
-15.220337	98.670000
-24.214172	98.694000
-29.748840	98.717000
-14.528503	98.742000
-33.899841	98.766000
-29.748840	98.790000
-40.818176	98.814000
-53.271179	98.838000
-20.063171	98.862000
-24.906006	98.886000
-29.748840	98.910000
-46.352844	98.934000
-38.050842	98.959000
-31.132507	98.983000
-31.824341	99.007000
-29.748840	99.032000
-30.440674	99.056000
-25.597839	99.081000
-31.132507	99.105000
-22.138672	99.129000
-19.371338	99.153000
-34.591675	99.176000
-27.673340	99.201000
-31.132507	99.225000
-22.138672	99.250000
-28.365173	99.274000
-30.440674	99.297000
-23.522339	99.321000
-31.824341	99.344000
-29.748840	99.369000
-28.365173	99.393000
-30.440674	99.417000
-31.132507	99.440000
-41.510010	99.464000
-31.132507	99.488000
-36.667175	99.511000
-40.126343	99.536000
-28.365173	99.560000
-15.220337	99.585000
