Load	Ext	Time
-32.348633	-1.449650	0.000000
-18.310547	-1.450197	0.198000
-22.583008	-1.449650	0.401000
-10.986328	-1.451019	0.602000
-17.700195	-1.449741	0.796000
-17.700195	-1.450015	1.002000
-18.920898	-1.449467	1.199000
-16.479492	-1.450654	1.404000
-10.986328	-1.450106	1.602000
-25.634766	-1.450745	1.800000
-15.869141	-1.450380	1.997000
-18.310547	-1.449832	2.199000
-17.700195	-1.449741	2.404000
-18.920898	-1.449011	2.602000
-20.751953	-1.450380	2.802000
-31.127930	-1.449467	2.998000
-23.193359	-1.449285	3.199000
-20.751953	-1.448829	3.406000
-20.141602	-1.448829	3.600000
-20.751953	-1.447460	3.800000
-19.531250	-1.447551	4.002000
-17.700195	-1.446821	4.204000
-10.986328	-1.447369	4.404000
-28.076172	-1.447369	4.600000
-21.362305	-1.447278	4.803000
-22.583008	-1.447643	5.003000
-12.207031	-1.446730	5.205000
-20.141602	-1.447278	5.402000
-12.817383	-1.447278	5.600000
-32.348633	-1.446456	5.802000
-20.751953	-1.445818	6.002000
-18.310547	-1.445818	6.198000
-17.700195	-1.446456	6.402000
-18.920898	-1.446000	6.597000
-17.700195	-1.444175	6.802000
-21.362305	-1.444266	7.004000
-17.089844	-1.444723	7.201000
-10.375977	-1.444814	7.400000
-21.972656	-1.444723	7.601000
-18.310547	-1.443993	7.801000
-17.700195	-1.443263	8.003000
-21.972656	-1.444266	8.202000
-17.700195	-1.443171	8.400000
-21.362305	-1.444540	8.599000
-17.700195	-1.442898	8.800000
-22.583008	-1.443901	9.001000
-15.869141	-1.442898	9.202000
-20.141602	-1.442533	9.399000
-20.141602	-1.442259	9.599000
-26.245117	-1.441985	9.799000
-15.258789	-1.441985	9.998000
-18.920898	-1.441438	10.202000
-16.479492	-1.441255	10.400000
-20.141602	-1.441711	10.601000
-21.972656	-1.440981	10.803000
-18.310547	-1.440343	11.001000
-17.089844	-1.440434	11.199000
-20.141602	-1.440343	11.405000
-17.089844	-1.440434	11.600000
-18.310547	-1.439157	11.799000
-18.920898	-1.439795	11.999000
-19.531250	-1.439521	12.202000
-15.258789	-1.439157	12.403000
-17.700195	-1.439521	12.599000
-14.648437	-1.439157	12.801000
-18.310547	-1.438883	12.999000
-17.089844	-1.437423	13.200000
-24.414062	-1.438244	13.401000
-15.869141	-1.438426	13.605000
-15.869141	-1.437605	13.801000
-34.179687	-1.437514	13.998000
-20.141602	-1.437058	14.206000
-17.700195	-1.437697	14.402000
-20.751953	-1.436693	14.600000
-17.700195	-1.436145	14.802000
-9.765625	-1.437514	15.001000
-16.479492	-1.436693	15.204000
-18.310547	-1.435050	15.403000
-23.803711	-1.437423	15.599000
-17.700195	-1.436054	15.799000
-18.310547	-1.436510	16.006001
-12.207031	-1.435050	16.204000
-20.751953	-1.434047	16.403000
-15.869141	-1.436145	16.603001
-16.479492	-1.435598	16.801001
-20.141602	-1.434868	17.000999
-20.141602	-1.433955	17.200001
-18.920898	-1.434868	17.403000
-18.310547	-1.434320	17.599001
-14.038086	-1.433134	17.799999
-15.869141	-1.433955	18.004000
-17.700195	-1.433682	18.200001
-21.362305	-1.433043	18.400999
-21.972656	-1.434777	18.600000
-11.596680	-1.432952	18.801001
-17.700195	-1.432769	19.002001
-15.869141	-1.432587	19.205000
-18.310547	-1.432404	19.405001
-18.920898	-1.432952	19.601999
-30.517578	-1.432404	19.802999
-22.583008	-1.432130	20.002001
-17.089844	-1.431400	20.198999
-21.972656	-1.431036	20.402000
-15.869141	-1.431674	20.600000
-14.648437	-1.430579	20.799000
-19.531250	-1.430944	21.002001
-16.479492	-1.431127	21.205000
-16.479492	-1.430305	21.403000
-16.479492	-1.430670	21.600000
-21.972656	-1.429849	21.802000
-15.869141	-1.429849	21.999001
-15.869141	-1.431857	22.202000
-23.803711	-1.429211	22.403000
-20.751953	-1.429028	22.605000
-21.362305	-1.428024	22.799999
-16.479492	-1.428663	22.999001
-20.751953	-1.428846	23.202999
-18.310547	-1.429484	23.400999
-17.089844	-1.428481	23.598000
-20.141602	-1.428754	23.804001
-18.920898	-1.428115	24.004000
-16.479492	-1.427021	24.205000
-8.544922	-1.427021	24.405001
-30.517578	-1.426929	24.605000
-15.869141	-1.426838	24.804001
-24.414062	-1.426564	25.004000
-17.700195	-1.426838	25.202000
-17.089844	-1.425743	25.400999
-15.869141	-1.425104	25.601000
-18.920898	-1.426564	25.802999
-20.141602	-1.425196	26.004000
-23.193359	-1.426017	26.202999
-18.310547	-1.426747	26.406000
-17.700195	-1.425287	26.601999
-16.479492	-1.424739	26.801001
-16.479492	-1.425287	27.002001
-13.427734	-1.424374	27.202999
-21.362305	-1.423644	27.402000
-20.141602	-1.424101	27.601999
-18.920898	-1.424009	27.799000
-19.531250	-1.423644	28.004000
-21.362305	-1.424466	28.202999
-15.258789	-1.423827	28.406000
-18.310547	-1.425196	28.605000
-18.920898	-1.423371	28.801001
-14.038086	-1.422732	29.002001
-9.765625	-1.422823	29.205000
-18.920898	-1.423097	29.402000
-17.700195	-1.422549	29.601000
-18.920898	-1.421911	29.801001
-21.362305	-1.421911	30.003000
-20.751953	-1.422732	30.202999
-18.920898	-1.421637	30.403000
-14.648437	-1.423188	30.603001
-17.700195	-1.420359	30.802999
-10.986328	-1.421272	31.000999
-8.544922	-1.420816	31.202000
-15.869141	-1.420451	31.403999
-19.531250	-1.420907	31.606001
-23.803711	-1.420725	31.799999
-17.700195	-1.420268	32.000999
-16.479492	-1.418352	32.206001
-20.141602	-1.420268	32.402000
-13.427734	-1.419447	32.602001
-18.920898	-1.419173	32.804001
-14.038086	-1.418900	33.000999
-14.648437	-1.418991	33.202000
-17.700195	-1.418808	33.404999
-9.765625	-1.418717	33.601002
-21.972656	-1.418078	33.803001
-16.479492	-1.417805	34.001999
-18.310547	-1.418169	34.203999
-13.427734	-1.417896	34.402000
-18.310547	-1.418352	34.603001
-16.479492	-1.417440	34.805000
-21.362305	-1.418078	35.004002
-18.920898	-1.415797	35.205002
-19.531250	-1.416527	35.403000
-7.324219	-1.416710	35.605999
-17.089844	-1.415797	35.803001
-14.648437	-1.416162	35.999001
-15.869141	-1.415523	36.202999
-14.648437	-1.415706	36.405998
-15.258789	-1.414337	36.603001
-19.531250	-1.415432	36.803001
-17.700195	-1.415341	37.002998
-17.700195	-1.414976	37.203999
-31.738281	-1.414611	37.403000
-18.920898	-1.414520	37.605999
-21.362305	-1.414428	37.800999
-15.869141	-1.414428	38.004002
-14.648437	-1.413698	38.206001
-14.648437	-1.413242	38.405998
-15.869141	-1.412968	38.603001
-13.427734	-1.413151	38.799999
-14.038086	-1.412512	39.002998
-17.089844	-1.413151	39.202999
-14.648437	-1.412147	39.404999
-17.089844	-1.411782	39.601002
-18.310547	-1.412695	39.799999
-15.869141	-1.411600	40.001999
-22.583008	-1.412695	40.202000
-26.245117	-1.411691	40.404999
-15.258789	-1.409775	40.602001
-15.258789	-1.410596	40.806000
-17.089844	-1.409227	41.006001
-14.648437	-1.411417	41.206001
-15.869141	-1.410779	41.404999
-15.869141	-1.410414	41.603001
-15.258789	-1.410140	41.806000
-18.920898	-1.410140	42.005001
-16.479492	-1.409501	42.206001
-29.296875	-1.410231	42.405998
-18.310547	-1.409592	42.601002
-16.479492	-1.407585	42.804001
-16.479492	-1.409410	43.005001
-31.127930	-1.408406	43.202000
-15.258789	-1.408862	43.401001
-21.362305	-1.409227	43.602001
-17.089844	-1.407767	43.803001
-19.531250	-1.407767	44.001999
-17.700195	-1.407950	44.207001
-15.869141	-1.407950	44.403000
-15.258789	-1.406855	44.602001
-18.310547	-1.407037	44.801998
-7.934570	-1.406034	45.005001
-15.869141	-1.406672	45.202999
-15.869141	-1.407129	45.404999
-17.700195	-1.407220	45.602001
-14.038086	-1.406034	45.801998
-14.648437	-1.406216	46.004002
-18.310547	-1.404665	46.202000
-14.648437	-1.405395	46.407001
-15.258789	-1.405486	46.609001
-15.258789	-1.405851	46.804001
-15.258789	-1.405942	47.001999
-18.310547	-1.403752	47.205002
-23.803711	-1.405395	47.407001
-15.869141	-1.404574	47.599998
-15.258789	-1.404482	47.806000
-15.869141	-1.404026	48.002998
-15.869141	-1.403570	48.203999
-17.089844	-1.403296	48.405998
-29.296875	-1.405304	48.602001
-15.258789	-1.403387	48.806000
-14.648437	-1.402840	49.002998
-17.089844	-1.403387	49.203999
-20.141602	-1.402749	49.405998
-17.089844	-1.402292	49.603001
-13.427734	-1.402931	49.806000
-20.751953	-1.402475	50.001999
-19.531250	-1.401836	50.205002
-15.869141	-1.401562	50.403999
-6.103516	-1.401198	50.605999
-20.751953	-1.401836	50.804001
-8.544922	-1.401198	51.001999
-20.751953	-1.400924	51.202999
-21.362305	-1.400650	51.403999
-16.479492	-1.401380	51.606998
-10.986328	-1.399738	51.806000
-13.427734	-1.400559	52.004002
-18.920898	-1.399738	52.207001
-18.310547	-1.399008	52.403999
-15.258789	-1.399646	52.605999
-17.089844	-1.398916	52.806999
-11.596680	-1.399281	53.005001
-26.245117	-1.398643	53.205002
-7.324219	-1.399281	53.405998
-17.700195	-1.398734	53.608002
-16.479492	-1.398095	53.806000
-15.869141	-1.397639	54.002998
-17.700195	-1.398186	54.201000
-14.038086	-1.397913	54.407001
-15.258789	-1.397548	54.606998
-13.427734	-1.397183	54.805000
-11.596680	-1.397183	55.006001
-11.596680	-1.396361	55.202999
-7.324219	-1.396179	55.403999
-11.596680	-1.397000	55.610001
-10.375977	-1.397548	55.805000
-2.441406	-1.396270	56.005001
-3.051758	-1.395996	56.205002
0.610352	-1.396726	56.405998
-1.220703	-1.395175	56.605999
13.427734	-1.395358	56.804001
5.493164	-1.395540	57.005001
14.038086	-1.394536	57.207001
14.038086	-1.392712	57.407001
16.479492	-1.394628	57.603001
26.855469	-1.394719	57.801998
32.958984	-1.393624	58.005001
33.569336	-1.394080	58.205002
45.776367	-1.394171	58.403999
43.945312	-1.394536	58.603001
54.931641	-1.393533	58.805000
63.476562	-1.393076	59.004002
69.580078	-1.393168	59.205002
78.125000	-1.393168	59.405998
84.228516	-1.392894	59.603001
87.890625	-1.392438	59.805000
98.266602	-1.391616	60.005001
107.421875	-1.391981	60.207001
114.135742	-1.390795	60.405998
122.070312	-1.392255	60.603001
128.784180	-1.391252	60.805000
136.108398	-1.391252	61.002998
145.263672	-1.389609	61.207001
148.925781	-1.389883	61.405998
153.808594	-1.391252	61.608002
153.808594	-1.390248	61.803001
175.170898	-1.390704	62.002998
187.377930	-1.389883	62.203999
199.584961	-1.388149	62.404999
205.078125	-1.388149	62.603001
214.843750	-1.389244	62.810001
222.778320	-1.389153	63.005001
230.712891	-1.388788	63.206001
242.309570	-1.388240	63.404999
247.802734	-1.388332	63.605000
255.126953	-1.388240	63.806000
268.554687	-1.388788	64.007004
269.775391	-1.387967	64.206001
276.489258	-1.387328	64.405998
293.579102	-1.387510	64.608002
302.734375	-1.387510	64.803001
315.551758	-1.386780	65.004997
325.317383	-1.386507	65.207001
324.096680	-1.387237	65.404999
335.693359	-1.386872	65.606003
348.510742	-1.386963	65.807999
358.276367	-1.387054	66.004997
367.431641	-1.386142	66.204002
378.417969	-1.385320	66.405998
388.183594	-1.385138	66.601997
397.949219	-1.385138	66.807999
405.273437	-1.385138	67.003998
413.818359	-1.384043	67.206001
423.583984	-1.385138	67.405998
430.297852	-1.384499	67.605003
438.232422	-1.384955	67.805000
438.842773	-1.382401	68.008003
463.256836	-1.384408	68.206001
473.022461	-1.383678	68.405998
473.632812	-1.383222	68.608002
486.450195	-1.383769	68.804001
499.267578	-1.383860	69.002998
512.084961	-1.382583	69.205002
510.253906	-1.383313	69.404999
521.240234	-1.383313	69.605003
533.447266	-1.382583	69.807999
543.212891	-1.382218	70.005997
559.692383	-1.381214	70.204002
570.678711	-1.382127	70.404999
574.951172	-1.381762	70.601997
587.768555	-1.381032	70.806000
591.430664	-1.381306	71.005997
605.468750	-1.381306	71.205002
613.403320	-1.381306	71.408997
614.624023	-1.380484	71.609001
625.610352	-1.378568	71.809998
643.920898	-1.379663	72.004997
656.738281	-1.382309	72.205002
662.841797	-1.379572	72.406998
674.438477	-1.380849	72.605003
682.373047	-1.378021	72.804001
698.852539	-1.379937	73.004997
704.956055	-1.378386	73.205002
708.618164	-1.378842	73.404999
714.111328	-1.378568	73.608002
734.252930	-1.378386	73.804001
750.122070	-1.378842	74.002998
749.511719	-1.378203	74.207001
758.666992	-1.377747	74.406998
770.874023	-1.377199	74.609001
773.315430	-1.376743	74.804001
791.625977	-1.377199	75.005997
805.664062	-1.377017	75.208000
809.326172	-1.377291	75.405998
816.040039	-1.376561	75.609001
824.584961	-1.376287	75.804001
842.895508	-1.376196	76.005997
854.492187	-1.376013	76.208000
862.426758	-1.376469	76.405998
879.516602	-1.375374	76.608002
867.309570	-1.375009	76.808998
892.944336	-1.374827	77.005997
904.541016	-1.375466	77.204002
903.930664	-1.374279	77.405998
920.410156	-1.374553	77.609001
929.565430	-1.374645	77.803001
944.824219	-1.374553	78.003998
944.213867	-1.373549	78.205002
960.083008	-1.373185	78.408997
974.731445	-1.373093	78.610001
986.328125	-1.373276	78.806000
999.145508	-1.372637	79.009003
1007.080078	-1.372728	79.205002
1016.845703	-1.373002	79.405998
1029.052734	-1.371998	79.606003
1043.090820	-1.372546	79.805000
1051.635742	-1.371816	80.004997
1062.011719	-1.370538	80.207001
1060.791016	-1.372546	80.403999
1085.815430	-1.371451	80.607002
1088.256836	-1.371633	80.805000
1104.125977	-1.370995	81.005997
1114.501953	-1.371086	81.208000
1116.333008	-1.370630	81.406998
1121.826172	-1.371268	81.607002
1132.812500	-1.370173	81.806000
1149.902344	-1.370265	82.003998
1159.667969	-1.370082	82.207001
1177.978516	-1.370082	82.405998
1185.302734	-1.370082	82.602997
1196.289062	-1.369443	82.805000
1209.716797	-1.369170	83.008003
1220.703125	-1.369078	83.206001
1228.637695	-1.369078	83.406998
1239.624023	-1.368166	83.606003
1250.000000	-1.367892	83.806999
1260.375977	-1.368166	84.009003
1272.583008	-1.368805	84.206001
1289.672852	-1.367527	84.406998
1294.555664	-1.367801	84.606003
1301.269531	-1.367618	84.805000
1317.138672	-1.367253	85.007004
1325.683594	-1.367253	85.206001
1328.735352	-1.366158	85.406998
1336.059570	-1.367162	85.606003
1347.656250	-1.367253	85.808998
1365.966797	-1.365793	86.007004
1375.122070	-1.365702	86.209000
1395.263672	-1.365611	86.406998
1401.367187	-1.365976	86.606003
1412.353516	-1.364881	86.805000
1421.508789	-1.365337	87.007004
1428.222656	-1.365520	87.207001
1436.767578	-1.364425	87.405998
1441.650391	-1.364607	87.609001
1449.584961	-1.364242	87.808998
1457.519531	-1.364242	88.009003
1475.830078	-1.363695	88.205002
1478.881836	-1.364790	88.405998
1491.088867	-1.363968	88.611000
1498.413086	-1.364151	88.806000
1504.516602	-1.363147	89.002998
1510.009766	-1.362417	89.205002
1516.113281	-1.362691	89.407997
1519.165039	-1.362874	89.608002
1523.437500	-1.362691	89.806000
1531.372070	-1.362144	90.007004
1525.878906	-1.362965	90.206001
1553.955078	-1.361870	90.410004
1539.916992	-1.361505	90.607002
1558.227539	-1.361870	90.806000
1561.279297	-1.361140	91.004997
1575.317383	-1.361231	91.207001
1574.707031	-1.360684	91.407997
1577.758789	-1.360866	91.609001
1583.862305	-1.360045	91.809998
1593.017578	-1.360501	92.009003
1594.848633	-1.359680	92.209000
1611.938477	-1.359862	92.408997
1611.328125	-1.359862	92.611000
1601.562500	-1.359497	92.806999
1611.938477	-1.359862	93.010002
1621.093750	-1.358494	93.209999
1621.093750	-1.359771	93.407997
1625.366211	-1.359680	93.606003
1633.300781	-1.358859	93.807999
1636.962891	-1.357216	94.008003
1647.949219	-1.358220	94.208000
1647.949219	-1.357307	94.407997
1657.714844	-1.357672	94.607002
1661.987305	-1.357581	94.809998
1671.752930	-1.357490	95.007004
1660.766602	-1.359315	95.207001
1663.818359	-1.357034	95.407997
1663.818359	-1.356942	95.607002
1682.739258	-1.356577	95.807999
1683.959961	-1.356030	96.008003
1694.946289	-1.355939	96.209999
1689.453125	-1.356212	96.405998
1694.946289	-1.355939	96.609001
1701.049805	-1.355209	96.809998
1702.880859	-1.355117	97.010002
1706.542969	-1.354753	97.207001
1702.880859	-1.355026	97.405998
1707.763672	-1.354661	97.609001
1704.101562	-1.354205	97.806000
1721.801758	-1.355026	98.010002
1726.074219	-1.353293	98.207001
1727.294922	-1.353201	98.411003
1734.619141	-1.353201	98.607002
1739.501953	-1.353475	98.811996
1743.774414	-1.352745	99.010002
1748.657227	-1.352745	99.209000
1747.436523	-1.352836	99.410004
1749.877930	-1.353201	99.610001
1747.436523	-1.352836	99.807999
1762.695312	-1.352380	100.005997
1756.591797	-1.351650	100.208000
1759.643555	-1.350373	100.406998
1766.357422	-1.351194	100.608002
1771.240234	-1.350281	100.804001
1779.785156	-1.351924	101.008003
1771.850586	-1.350829	101.209999
1774.902344	-1.351468	101.410004
1762.084961	-1.351741	101.612000
1782.836914	-1.350646	101.805000
1790.771484	-1.350008	102.008003
1787.109375	-1.349916	102.209999
1779.785156	-1.349734	102.406998
1779.174805	-1.349734	102.611000
1787.109375	-1.349643	102.807999
1788.940430	-1.347818	103.005997
1791.381836	-1.348365	103.209999
1787.109375	-1.350190	103.411003
1784.057617	-1.348456	103.607002
1792.602539	-1.347453	103.807999
1796.875000	-1.348183	104.010002
1802.368164	-1.347726	104.207001
1800.537109	-1.347270	104.406998
1799.316406	-1.347361	104.608002
1798.706055	-1.346723	104.808998
1800.537109	-1.349186	105.009003
1797.485352	-1.346723	105.208000
1791.992187	-1.347088	105.408997
1796.875000	-1.347453	105.612000
1806.030273	-1.345993	105.810997
1812.744141	-1.345719	106.007004
1799.926758	-1.346267	106.207001
1799.926758	-1.345810	106.406998
1804.809570	-1.345354	106.608002
1807.250977	-1.344989	106.808998
1801.147461	-1.345263	107.009003
1801.757812	-1.344624	107.206001
1804.199219	-1.346632	107.406998
1795.043945	-1.344259	107.608002
1796.264648	-1.344259	107.811996
1791.381836	-1.342708	108.007004
1778.564453	-1.343894	108.209999
1779.785156	-1.344077	108.406998
1781.616211	-1.344533	108.610001
1773.071289	-1.343073	108.808998
1776.733398	-1.343620	109.007004
1772.460937	-1.342708	109.210999
1757.202148	-1.342434	109.410004
1762.084961	-1.343347	109.610001
1768.188477	-1.343073	109.808998
1762.695312	-1.342708	110.005997
1754.760742	-1.341704	110.207001
1749.877930	-1.341887	110.412003
1752.929687	-1.341613	110.609001
1754.150391	-1.342799	110.806999
1751.708984	-1.340609	111.005997
1749.267578	-1.341157	111.207001
1748.657227	-1.340883	111.414001
1726.684570	-1.341522	111.611000
1740.112305	-1.339149	111.809998
1730.346680	-1.339149	112.007004
1723.632812	-1.339423	112.209000
1733.398437	-1.339332	112.412003
1725.463867	-1.339332	112.609001
1726.074219	-1.339697	112.807999
1726.684570	-1.338967	113.004997
1720.581055	-1.339332	113.210999
1715.087891	-1.338967	113.405998
1710.205078	-1.338967	113.609001
1715.698242	-1.339332	113.808998
1722.412109	-1.338510	114.011002
1695.556641	-1.338419	114.210999
1698.608398	-1.337780	114.410004
1707.763672	-1.338784	114.607002
1697.387695	-1.337142	114.811996
1701.049805	-1.337324	115.012001
1700.439453	-1.336868	115.207001
1694.946289	-1.337050	115.407997
1691.894531	-1.336503	115.611000
1686.401367	-1.336594	115.808998
1669.311523	-1.336594	116.009003
1649.169922	-1.336047	116.207001
1658.935547	-1.335408	116.410004
1671.752930	-1.335590	116.609001
1663.818359	-1.335499	116.809998
1669.921875	-1.334496	117.005997
1660.766602	-1.335499	117.207001
1658.325195	-1.334952	117.407997
1660.766602	-1.334769	117.612000
1657.104492	-1.335134	117.810997
1647.338867	-1.334313	118.011002
1643.676758	-1.334496	118.207001
1640.014648	-1.334496	118.408997
1623.535156	-1.333583	118.612999
1637.573242	-1.334222	118.807999
1635.131836	-1.333857	119.005997
1630.859375	-1.333401	119.208000
1625.976562	-1.332944	119.410004
1616.821289	-1.333218	119.612999
1624.145508	-1.332579	119.807999
1622.314453	-1.332123	120.011002
1618.652344	-1.331849	120.207001
1613.159180	-1.332032	120.412003
1597.290039	-1.331667	120.609001
1590.576172	-1.331484	120.811996
1584.472656	-1.331393	121.008003
1575.927734	-1.330572	121.207001
1573.486328	-1.330572	121.410004
1571.044922	-1.331119	121.612999
1558.227539	-1.330298	121.806000
1511.230469	-1.330481	122.008003
1512.451172	-1.329933	122.209999
1502.075195	-1.329842	122.407997
1514.282227	-1.330024	122.612999
1516.113281	-1.329294	122.807999
1516.113281	-1.329203	123.011002
1517.333984	-1.330116	123.211998
1510.009766	-1.329203	123.412003
1505.737305	-1.328200	123.612000
1502.685547	-1.328656	123.809998
1502.685547	-1.327652	124.008003
1508.789062	-1.328382	124.209999
1481.323242	-1.328017	124.408997
1472.778320	-1.327652	124.609001
1468.505859	-1.327561	124.815002
1470.336914	-1.327378	125.008003
1463.012695	-1.327104	125.209000
1455.688477	-1.327378	125.412003
1463.012695	-1.328656	125.613998
1462.402344	-1.326557	125.809998
1464.233398	-1.325097	126.005997
1446.533203	-1.325827	126.207001
1445.312500	-1.326101	126.407997
1438.598633	-1.325918	126.610001
1387.329102	-1.325644	126.808998
1382.446289	-1.325462	127.012001
1387.329102	-1.325188	127.208000
1392.211914	-1.325188	127.406998
1385.498047	-1.326375	127.610001
1383.666992	-1.324732	127.808998
1386.108398	-1.324458	128.011002
1376.953125	-1.324185	128.210007
1353.149414	-1.323637	128.408005
1350.097656	-1.325462	128.613998
1349.487305	-1.324367	128.809998
1350.097656	-1.324002	129.011993
1350.097656	-1.323637	129.210007
1335.449219	-1.322542	129.410995
1339.111328	-1.322451	129.610992
1340.332031	-1.322816	129.807999
1286.010742	-1.323181	130.011002
1281.738281	-1.322268	130.207993
1291.503906	-1.322086	130.408997
1280.517578	-1.321538	130.612000
1279.296875	-1.321447	130.807007
1274.414062	-1.322268	131.007996
1262.207031	-1.321721	131.212006
1264.648437	-1.321903	131.408997
1253.051758	-1.322816	131.612000
1245.117187	-1.320352	131.809006
1216.430664	-1.320352	132.009995
1211.547852	-1.319896	132.210007
1211.547852	-1.319257	132.410004
1210.327148	-1.320443	132.613998
1206.054687	-1.319257	132.811996
1188.354492	-1.320352	133.013000
1174.316406	-1.317341	133.209000
1177.368164	-1.318983	133.408997
1171.875000	-1.319348	133.610001
1171.264648	-1.318436	133.809006
1173.706055	-1.318162	134.009003
1160.888672	-1.319713	134.209000
1158.447266	-1.317706	134.410995
1150.512695	-1.318618	134.612000
1149.902344	-1.316611	134.815994
1141.357422	-1.316611	135.011002
1146.850586	-1.316429	135.210007
1127.319336	-1.316520	135.414001
1113.281250	-1.316794	135.613998
1123.657227	-1.316702	135.813995
1118.774414	-1.315790	136.011002
1105.957031	-1.315607	136.212997
1093.139648	-1.315334	136.414001
1085.815430	-1.315699	136.615005
1090.087891	-1.315334	136.809006
1090.087891	-1.315334	137.009003
1086.425781	-1.314421	137.212006
1076.660156	-1.315151	137.408997
1083.984375	-1.315516	137.610992
1081.542969	-1.314695	137.811996
1081.542969	-1.313965	138.009003
1060.180664	-1.314330	138.212997
1055.297852	-1.314604	138.414993
1051.025391	-1.313965	138.613998
1045.532227	-1.312961	138.811996
1046.142578	-1.312961	139.013000
1042.480469	-1.312961	139.210999
1037.597656	-1.313600	139.410995
1029.052734	-1.313326	139.613998
1021.118164	-1.312049	139.811005
1016.845703	-1.312049	140.011002
1011.352539	-1.311319	140.210999
1006.469727	-1.311684	140.408005
1002.197266	-1.311866	140.610992
1000.976562	-1.313144	140.811996
998.535156	-1.311410	141.011993
989.990234	-1.310497	141.209000
984.497070	-1.309494	141.412003
980.224609	-1.310497	141.613998
977.172852	-1.310862	141.815002
950.927734	-1.309950	142.009995
947.875977	-1.310224	142.212997
943.603516	-1.309767	142.414001
936.889648	-1.309220	142.613998
936.279297	-1.309129	142.815002
935.058594	-1.309676	143.009003
925.292969	-1.309585	143.214005
916.748047	-1.308764	143.410004
907.592773	-1.308490	143.613007
900.878906	-1.307577	143.811996
898.437500	-1.306574	144.009995
902.099609	-1.307851	144.210007
875.854492	-1.307030	144.414001
858.154297	-1.307943	144.613998
863.037109	-1.307121	144.813995
858.764648	-1.306026	145.011993
868.530273	-1.308034	145.209000
855.102539	-1.305844	145.412003
852.661133	-1.308216	145.613007
851.440430	-1.308855	145.809006
861.816406	-1.306391	146.011993
854.492187	-1.306118	146.214005
849.609375	-1.304019	146.410995
841.674805	-1.306665	146.613007
