Load 	Time
-23.522339	0
-21.446838	0.023
-24.906006	0.045
-20.063171	0.069
-22.138672	0.092
-27.67334	0.116
-20.063171	0.139
-24.906006	0.163
-9.685669	0.186
-27.67334	0.209
-21.446838	0.232
-18.679504	0.254
-11.761169	0.278
-11.761169	0.301
-14.528503	0.325
-15.220337	0.348
-15.91217	0.371
-15.220337	0.394
-18.679504	0.417
-12.453003	0.44
-15.220337	0.462
-6.226501	0.486
-11.069336	0.509
-20.063171	0.533
-3.459167	0.556
-15.91217	0.579
-12.453003	0.602
-10.377502	0.625
-13.83667	0.648
-9.685669	0.67
-11.761169	0.694
-8.993835	0.717
-5.534668	0.741
-11.069336	0.764
-6.918335	0.788
-5.534668	0.811
-12.453003	0.834
-10.377502	0.857
-3.459167	0.879
-0.691833	0.903
-4.842834	0.926
-4.842834	0.95
-4.842834	0.973
-0.691833	0.996
-6.918335	1.019
3.459167	1.042
0	1.065
-16.604004	1.087
-7.610168	1.111
-2.0755	1.134
-4.842834	1.158
3.459167	1.181
2.0755	1.204
4.151001	1.227
0.691833	1.25
3.459167	1.273
2.767334	1.295
6.918335	1.319
17.295837	1.342
2.0755	1.366
-2.0755	1.389
6.918335	1.413
8.302002	1.436
10.377502	1.459
6.226501	1.482
4.151001	1.504
10.377502	1.528
7.610168	1.551
9.685669	1.575
16.604004	1.598
4.151001	1.621
15.220337	1.644
2.767334	1.667
11.069336	1.69
15.220337	1.712
23.522339	1.736
25.597839	1.759
20.063171	1.783
12.453003	1.806
16.604004	1.829
15.91217	1.852
18.679504	1.875
11.761169	1.898
32.516174	1.92
11.761169	1.944
27.67334	1.967
21.446838	1.991
18.679504	2.014
21.446838	2.038
18.679504	2.061
14.528503	2.084
20.755005	2.107
24.214172	2.129
27.67334	2.153
18.679504	2.176
24.906006	2.2
28.365173	2.223
24.214172	2.246
32.516174	2.269
22.138672	2.292
20.063171	2.315
20.063171	2.337
18.679504	2.361
25.597839	2.384
24.214172	2.408
21.446838	2.431
27.67334	2.454
26.289673	2.477
20.755005	2.5
19.371338	2.523
30.440674	2.545
20.755005	2.569
40.818176	2.592
30.440674	2.616
37.359009	2.639
37.359009	2.663
31.132507	2.686
28.365173	2.709
38.742676	2.732
43.58551	2.754
31.824341	2.778
35.283508	2.801
45.661011	2.825
33.899841	2.848
40.818176	2.871
40.126343	2.894
35.283508	2.917
47.044678	2.94
40.818176	2.962
43.58551	2.986
42.201843	3.009
41.51001	3.033
53.271179	3.056
38.742676	3.079
56.730347	3.102
44.277344	3.125
56.038513	3.148
50.503845	3.17
51.887512	3.194
56.730347	3.217
53.271179	3.241
61.573181	3.264
50.503845	3.288
56.038513	3.311
39.434509	3.334
58.114014	3.357
38.742676	3.379
47.044678	3.403
54.654846	3.426
69.18335	3.45
60.881348	3.473
57.42218	3.496
55.34668	3.519
65.724182	3.542
60.189514	3.565
51.887512	3.587
63.648682	3.611
57.42218	3.634
55.34668	3.658
72.642517	3.681
73.334351	3.704
65.724182	3.727
71.950684	3.75
69.18335	3.773
71.25885	3.795
70.567017	3.819
76.101685	3.842
74.718018	3.866
80.944519	3.889
65.724182	3.913
74.718018	3.936
74.026184	3.959
70.567017	3.982
72.642517	4.004
72.642517	4.028
73.334351	4.051
80.944519	4.075
69.875183	4.098
71.25885	4.121
78.177185	4.144
78.177185	4.167
76.101685	4.19
81.636353	4.212
87.862854	4.236
83.02002	4.259
78.869019	4.283
79.560852	4.306
81.636353	4.329
74.718018	4.352
94.089355	4.375
82.328186	4.398
81.636353	4.42
97.548523	4.444
87.171021	4.467
89.246521	4.491
83.02002	4.514
74.026184	4.538
87.862854	4.561
89.246521	4.584
91.322021	4.607
90.630188	4.629
89.938354	4.653
102.391357	4.676
88.554687	4.7
89.246521	4.723
85.787354	4.746
91.322021	4.769
91.322021	4.792
69.18335	4.815
97.548523	4.837
98.93219	4.861
93.397522	4.884
96.856689	4.908
101.699524	4.931
91.322021	4.954
93.397522	4.977
101.699524	5
100.315857	5.023
98.240356	5.045
94.781189	5.069
101.699524	5.092
101.699524	5.116
100.315857	5.139
95.473022	5.163
98.93219	5.186
115.536194	5.209
107.234192	5.232
109.309692	5.254
105.158691	5.278
116.919861	5.301
108.617859	5.325
109.309692	5.348
110.693359	5.371
112.077026	5.394
111.385193	5.417
112.76886	5.44
110.001526	5.462
118.995361	5.486
108.617859	5.509
110.001526	5.533
116.228027	5.556
123.838196	5.579
115.536194	5.602
118.303528	5.625
113.460693	5.648
107.234192	5.67
110.001526	5.694
131.448364	5.717
120.379028	5.741
107.234192	5.764
125.913696	5.788
113.460693	5.811
125.913696	5.834
119.687195	5.857
121.762695	5.879
112.76886	5.903
125.221863	5.926
116.228027	5.95
127.989197	5.973
125.221863	5.996
140.4422	6.019
125.221863	6.042
136.983032	6.065
141.825867	6.087
123.146362	6.111
134.907532	6.134
132.140198	6.158
141.134033	6.181
136.983032	6.204
146.668701	6.227
132.832031	6.25
140.4422	6.273
136.291199	6.295
140.4422	6.319
139.058533	6.342
139.058533	6.366
129.372864	6.389
127.297363	6.413
132.140198	6.436
141.134033	6.459
136.983032	6.482
134.215698	6.504
141.134033	6.528
147.360535	6.551
133.523865	6.575
131.448364	6.598
124.530029	6.621
134.215698	6.644
139.058533	6.667
149.436035	6.69
132.832031	6.712
134.215698	6.736
143.209534	6.759
144.593201	6.783
141.825867	6.806
158.429871	6.829
136.291199	6.852
150.819702	6.875
150.127869	6.898
142.5177	6.92
154.27887	6.944
145.976868	6.967
149.436035	6.991
153.587036	7.014
152.895203	7.038
162.580872	7.061
146.668701	7.084
146.668701	7.107
150.127869	7.129
163.964539	7.153
138.366699	7.176
157.046204	7.2
157.046204	7.223
157.738037	7.246
155.662537	7.269
157.046204	7.292
161.197205	7.315
162.580872	7.337
154.27887	7.361
157.046204	7.384
157.738037	7.408
181.260376	7.431
157.046204	7.454
164.656372	7.477
165.348206	7.5
164.656372	7.523
163.272705	7.545
165.348206	7.569
164.656372	7.592
168.807373	7.616
173.650208	7.639
168.11554	7.663
171.574707	7.686
166.731873	7.709
171.574707	7.732
179.876709	7.754
163.272705	7.778
177.109375	7.801
173.650208	7.825
175.725708	7.848
184.02771	7.871
186.795044	7.894
172.958374	7.917
168.11554	7.94
181.260376	7.962
175.725708	7.986
179.876709	8.009
172.958374	8.033
177.801208	8.056
169.499207	8.079
176.417542	8.102
180.568542	8.125
181.260376	8.148
184.02771	8.17
190.254211	8.194
186.795044	8.217
183.335876	8.241
177.801208	8.264
179.184875	8.288
186.10321	8.311
186.10321	8.334
189.562378	8.357
202.707214	8.379
188.178711	8.403
184.02771	8.426
188.178711	8.45
187.486877	8.473
188.178711	8.496
181.952209	8.519
209.625549	8.542
184.02771	8.565
202.707214	8.587
201.323547	8.611
187.486877	8.634
197.172546	8.658
195.097046	8.681
193.713379	8.706
197.172546	8.729
198.556213	8.752
204.090881	8.776
199.248047	8.799
197.86438	8.823
195.097046	8.846
196.480713	8.87
202.707214	8.893
199.93988	8.916
201.323547	8.939
204.090881	8.961
197.86438	8.985
199.93988	9.008
197.172546	9.032
207.550049	9.055
212.392883	9.079
207.550049	9.102
205.474548	9.125
221.386719	9.148
208.933716	9.17
217.235718	9.194
206.858215	9.217
217.235718	9.241
213.77655	9.264
217.235718	9.288
224.845886	9.311
213.084717	9.334
213.77655	9.357
220.003052	9.379
215.852051	9.403
215.852051	9.426
218.619385	9.45
216.543884	9.473
223.462219	9.496
214.468384	9.519
213.77655	9.542
213.77655	9.565
211.009216	9.587
212.392883	9.611
217.927551	9.634
235.915222	9.658
216.543884	9.681
228.996887	9.704
208.241882	9.727
220.694885	9.75
222.078552	9.773
223.462219	9.795
225.53772	9.819
227.61322	9.842
225.53772	9.866
225.53772	9.889
232.456055	9.913
222.770386	9.936
223.462219	9.959
223.462219	9.982
229.688721	10.004
222.078552	10.028
233.839722	10.051
227.61322	10.075
228.996887	10.098
226.921387	10.121
232.456055	10.144
227.61322	10.167
232.456055	10.19
248.368225	10.212
236.607056	10.236
234.531555	10.259
228.305054	10.283
235.915222	10.306
251.135559	10.329
238.682556	10.352
234.531555	10.375
240.066223	10.398
220.694885	10.42
240.066223	10.444
233.839722	10.467
231.764221	10.491
237.298889	10.514
242.833557	10.538
240.066223	10.561
244.217224	10.584
243.525391	10.607
243.525391	10.629
244.217224	10.653
234.531555	10.676
251.827393	10.701
241.44989	10.725
246.292725	10.748
254.594727	10.771
245.600891	10.794
249.060059	10.818
244.909058	10.841
249.751892	10.865
260.821228	10.888
253.902893	10.912
251.827393	10.935
253.21106	10.958
252.519226	10.981
240.066223	11.003
247.676392	11.027
252.519226	11.05
257.362061	11.074
251.827393	11.097
265.664062	11.121
246.984558	11.144
251.135559	11.167
257.362061	11.19
260.821228	11.212
267.739563	11.236
250.443726	11.259
262.204895	11.283
257.362061	11.306
253.902893	11.329
262.896729	11.352
259.437561	11.375
261.513062	11.398
254.594727	11.42
255.978394	11.444
269.12323	11.467
261.513062	11.491
257.362061	11.514
261.513062	11.538
267.739563	11.561
262.896729	11.584
271.19873	11.607
265.664062	11.629
257.362061	11.653
269.12323	11.676
269.12323	11.7
275.349731	11.723
274.657898	11.746
269.12323	11.769
273.274231	11.792
272.582397	11.815
277.425232	11.837
274.657898	11.861
273.274231	11.884
278.808899	11.908
271.19873	11.931
276.041565	11.954
282.268066	11.977
267.739563	12
267.047729	12.023
278.117065	12.045
285.0354	12.069
280.192566	12.092
281.576233	12.116
282.9599	12.139
280.884399	12.163
286.419067	12.186
277.425232	12.209
279.500732	12.232
281.576233	12.254
278.117065	12.278
281.576233	12.301
285.0354	12.325
286.419067	12.348
289.878235	12.371
283.651733	12.394
282.268066	12.417
288.494568	12.44
287.110901	12.462
287.110901	12.486
293.337402	12.509
288.494568	12.533
280.884399	12.556
291.953735	12.579
292.645569	12.602
289.186401	12.625
277.425232	12.648
303.714905	12.67
301.639404	12.694
291.953735	12.717
292.645569	12.741
292.645569	12.764
295.412903	12.788
295.412903	12.811
300.947571	12.834
300.947571	12.857
293.337402	12.879
299.563904	12.903
314.092407	12.926
287.802734	12.95
293.337402	12.973
302.331238	12.996
311.325073	13.019
297.488403	13.042
306.482239	13.065
318.243408	13.087
316.859741	13.111
300.255737	13.134
307.174072	13.158
311.325073	13.181
290.570068	13.204
303.714905	13.227
305.790405	13.25
309.941406	13.273
307.865906	13.295
309.941406	13.319
311.325073	13.342
306.482239	13.366
309.941406	13.389
306.482239	13.413
303.714905	13.436
309.249573	13.459
297.488403	13.482
317.551575	13.504
313.400574	13.528
310.63324	13.551
315.476074	13.575
317.551575	13.598
318.243408	13.621
312.016907	13.644
312.70874	13.667
313.400574	13.69
307.865906	13.712
333.463745	13.736
322.394409	13.759
316.859741	13.783
316.859741	13.806
323.778076	13.829
322.394409	13.852
323.086243	13.875
309.941406	13.898
319.627075	13.92
328.620911	13.944
327.237244	13.968
325.161743	13.992
325.161743	14.015
332.080078	14.038
338.998413	14.061
330.696411	14.084
324.46991	14.107
329.312744	14.129
330.696411	14.153
324.46991	14.176
326.54541	14.2
344.533081	14.223
331.388245	14.246
336.922913	14.269
336.231079	14.292
330.696411	14.315
325.853577	14.337
338.30658	14.361
327.237244	14.384
335.539246	14.408
339.690247	14.431
330.004578	14.454
332.771912	14.477
338.998413	14.5
336.922913	14.523
334.155579	14.545
331.388245	14.569
336.231079	14.592
342.457581	14.616
334.847412	14.639
334.155579	14.663
355.602417	14.686
343.149414	14.709
344.533081	14.732
347.992249	14.754
340.38208	14.778
338.30658	14.801
343.841248	14.825
331.388245	14.848
353.526917	14.871
338.998413	14.894
343.149414	14.917
359.753418	14.94
351.451416	14.962
352.835083	14.986
362.520752	15.009
350.067749	15.033
360.445251	15.056
352.14325	15.079
362.520752	15.102
352.14325	15.125
347.300415	15.148
371.514587	15.17
354.910583	15.194
353.526917	15.217
359.753418	15.241
352.835083	15.264
356.986084	15.288
360.445251	15.311
352.14325	15.334
356.29425	15.357
366.671753	15.379
356.29425	15.403
359.061584	15.426
363.904419	15.45
365.288086	15.473
365.979919	15.496
363.904419	15.519
360.445251	15.542
366.671753	15.565
355.602417	15.587
373.590088	15.611
367.363586	15.634
365.979919	15.658
363.212585	15.681
367.363586	15.704
365.979919	15.727
370.822754	15.75
378.432922	15.773
365.979919	15.795
369.439087	15.819
368.05542	15.842
366.671753	15.866
377.049255	15.889
375.665588	15.913
367.363586	15.936
372.206421	15.959
368.747253	15.982
371.514587	16.004
388.118591	16.028
374.973755	16.051
372.206421	16.075
379.124756	16.098
388.810425	16.121
375.665588	16.144
379.124756	16.167
384.659424	16.19
376.357422	16.212
379.124756	16.236
381.200256	16.259
379.816589	16.283
382.583923	16.306
370.822754	16.329
382.583923	16.352
382.583923	16.375
383.275757	16.398
388.810425	16.42
386.734924	16.444
382.583923	16.467
385.351257	16.491
377.741089	16.514
390.194092	16.538
376.357422	16.561
383.96759	16.584
391.577759	16.607
395.036926	16.629
381.89209	16.653
392.961426	16.676
385.351257	16.701
388.810425	16.724
376.357422	16.747
394.345093	16.77
392.961426	16.793
390.194092	16.817
395.72876	16.84
392.269592	16.864
392.961426	16.887
399.879761	16.911
397.112427	16.934
389.502258	16.957
403.338928	16.98
392.269592	17.002
401.955261	17.026
392.961426	17.049
401.955261	17.073
400.571594	17.096
403.338928	17.12
408.181763	17.143
401.955261	17.166
401.955261	17.189
404.722595	17.211
404.722595	17.235
406.798096	17.258
413.716431	17.282
397.80426	17.305
408.873596	17.329
417.175598	17.352
407.489929	17.375
411.64093	17.398
404.722595	17.42
408.181763	17.444
413.024597	17.467
412.332764	17.491
413.024597	17.514
417.867432	17.538
412.332764	17.561
410.257263	17.584
418.559265	17.607
410.949097	17.629
422.018433	17.653
415.791931	17.676
416.483765	17.7
405.414429	17.723
435.855103	17.746
417.175598	17.769
418.559265	17.792
430.320435	17.815
418.559265	17.837
424.785767	17.861
429.628601	17.884
424.093933	17.908
431.704102	17.931
419.251099	17.954
413.024597	17.977
433.087769	18
425.4776	18.023
430.320435	18.045
426.169434	18.069
424.093933	18.092
424.785767	18.116
422.018433	18.139
422.018433	18.163
430.320435	18.186
426.861267	18.209
431.012268	18.232
443.465271	18.254
442.773437	18.278
431.704102	18.301
431.012268	18.325
428.936768	18.348
428.936768	18.371
426.861267	18.394
429.628601	18.417
432.395935	18.44
423.4021	18.462
431.012268	18.486
429.628601	18.509
431.704102	18.533
440.006104	18.556
435.163269	18.579
443.465271	18.602
435.855103	18.625
433.087769	18.648
432.395935	18.67
428.936768	18.696
428.244934	18.719
428.936768	18.743
440.006104	18.766
436.546936	18.789
439.31427	18.812
438.622437	18.835
438.622437	18.859
439.31427	18.882
431.704102	18.906
437.930603	18.93
448.999939	18.954
444.848938	18.977
445.540771	19
449.691772	19.023
446.232605	19.045
444.157104	19.069
447.616272	19.092
446.232605	19.116
459.377441	19.139
449.691772	19.163
440.697937	19.186
459.377441	19.209
447.616272	19.232
454.534607	19.254
458.685608	19.278
454.534607	19.301
456.610107	19.325
459.377441	19.348
461.452942	19.371
460.069275	19.394
460.761108	19.417
457.993774	19.44
453.842773	19.462
464.912109	19.486
457.301941	19.509
457.301941	19.533
464.912109	19.556
462.836609	19.579
461.452942	19.602
459.377441	19.625
463.528442	19.648
462.144775	19.67
455.918274	19.694
467.679443	19.717
465.603943	19.741
468.371277	19.764
472.522278	19.788
464.912109	19.811
468.371277	19.834
471.830444	19.857
463.528442	19.879
466.98761	19.903
473.905945	19.926
466.98761	19.95
471.138611	19.973
467.679443	19.996
474.597778	20.019
465.603943	20.042
463.528442	20.065
478.748779	20.087
481.516113	20.111
469.06311	20.134
474.597778	20.158
480.82428	20.181
478.056946	20.204
483.591614	20.227
479.440613	20.25
477.365112	20.273
485.667114	20.295
480.82428	20.319
481.516113	20.342
475.981445	20.366
473.905945	20.389
482.207947	20.413
476.673279	20.436
480.132446	20.459
476.673279	20.482
479.440613	20.504
488.434448	20.528
476.673279	20.551
484.283447	20.575
487.742615	20.598
489.126282	20.621
496.044617	20.644
489.126282	20.667
486.358948	20.69
498.811951	20.712
484.283447	20.736
489.126282	20.759
489.818115	20.783
493.969116	20.806
481.516113	20.829
490.509949	20.852
496.044617	20.875
492.585449	20.898
488.434448	20.92
486.358948	20.944
497.428284	20.967
496.044617	20.991
500.195618	21.014
496.73645	21.038
491.893616	21.061
496.044617	21.084
496.73645	21.107
498.120117	21.129
487.742615	21.153
502.271118	21.176
504.346619	21.2
496.73645	21.223
499.503784	21.246
507.113953	21.269
503.654785	21.292
502.962952	21.315
506.422119	21.337
508.49762	21.361
509.189453	21.384
503.654785	21.408
509.881287	21.431
509.189453	21.454
505.730286	21.477
509.881287	21.5
508.49762	21.523
500.195618	21.545
513.340454	21.569
510.57312	21.592
507.113953	21.616
511.264954	21.639
516.799622	21.663
514.724121	21.686
507.113953	21.709
509.189453	21.732
518.183289	21.754
506.422119	21.778
510.57312	21.801
517.491455	21.825
521.642456	21.848
522.33429	21.871
514.724121	21.894
516.799622	21.917
516.799622	21.94
516.107788	21.962
525.101624	21.986
516.799622	22.009
520.950623	22.033
521.642456	22.056
519.566956	22.079
522.33429	22.102
522.33429	22.125
516.107788	22.148
527.177124	22.17
509.881287	22.194
523.026123	22.217
525.793457	22.241
526.485291	22.264
527.868958	22.288
524.40979	22.311
524.40979	22.334
525.101624	22.357
527.868958	22.379
527.868958	22.403
530.636292	22.426
530.636292	22.45
527.177124	22.473
527.177124	22.496
529.944458	22.519
536.862793	22.542
526.485291	22.565
527.868958	22.587
528.560791	22.611
528.560791	22.634
536.862793	22.658
532.711792	22.681
530.636292	22.705
535.479126	22.728
532.711792	22.751
535.479126	22.774
537.554626	22.796
533.403625	22.82
535.479126	22.843
532.711792	22.867
534.095459	22.89
549.315796	22.913
538.24646	22.936
536.862793	22.959
552.774963	22.982
543.089294	23.004
547.240295	23.028
540.32196	23.051
545.164795	23.075
561.768799	23.098
545.856628	23.121
554.15863	23.144
545.164795	23.167
556.234131	23.19
544.472961	23.212
542.397461	23.236
552.08313	23.259
549.315796	23.283
541.013794	23.306
552.08313	23.329
551.391296	23.352
550.007629	23.375
554.15863	23.398
555.542297	23.42
550.007629	23.444
527.177124	23.467
555.542297	23.491
556.234131	23.514
554.15863	23.538
554.15863	23.561
556.234131	23.584
560.385132	23.607
562.460632	23.629
563.844299	23.653
554.850464	23.676
558.309631	23.7
565.9198	23.723
559.693298	23.746
560.385132	23.769
563.152466	23.792
564.536133	23.815
563.844299	23.837
549.315796	23.861
561.076965	23.884
556.925964	23.908
559.001465	23.931
557.617798	23.954
570.070801	23.977
571.454468	24.001
565.9198	24.024
553.466797	24.046
566.611633	24.07
569.378967	24.093
563.844299	24.117
564.536133	24.14
566.611633	24.163
567.303467	24.186
570.762634	24.209
566.611633	24.232
572.838135	24.254
574.221802	24.278
567.303467	24.301
574.221802	24.325
572.146301	24.348
565.9198	24.371
570.070801	24.394
574.221802	24.417
573.529968	24.44
593.59314	24.462
575.605469	24.486
569.378967	24.509
572.838135	24.533
577.680969	24.556
579.75647	24.579
583.215637	24.602
570.762634	24.625
575.605469	24.648
579.75647	24.67
566.611633	24.694
581.83197	24.717
581.140137	24.741
583.215637	24.764
579.064636	24.788
570.762634	24.811
591.517639	24.834
572.838135	24.857
586.674805	24.879
592.209473	24.903
582.523804	24.926
585.982971	24.95
585.291138	24.973
585.291138	24.996
588.750305	25.019
583.215637	25.042
594.976807	25.065
601.895142	25.087
590.825806	25.111
594.284973	25.134
587.366638	25.158
591.517639	25.181
583.215637	25.204
589.442139	25.227
592.209473	25.25
596.360474	25.273
593.59314	25.295
594.284973	25.319
590.133972	25.342
594.976807	25.366
591.517639	25.389
590.133972	25.413
606.737976	25.436
601.895142	25.459
584.599304	25.482
597.052307	25.504
602.586975	25.528
601.203308	25.551
601.203308	25.575
610.197144	25.598
602.586975	25.621
599.819641	25.644
601.203308	25.667
601.895142	25.69
606.046143	25.712
615.039978	25.736
600.511475	25.759
601.203308	25.783
607.42981	25.806
609.50531	25.829
606.046143	25.852
608.121643	25.875
604.662476	25.898
594.976807	25.92
601.895142	25.944
607.42981	25.967
612.272644	25.991
608.813477	26.014
612.964478	26.038
610.888977	26.061
618.499146	26.084
612.272644	26.107
626.109314	26.129
617.115479	26.153
616.423645	26.176
618.499146	26.2
603.278809	26.223
618.499146	26.246
616.423645	26.269
624.725647	26.292
618.499146	26.315
620.574646	26.337
605.354309	26.361
612.964478	26.384
617.807312	26.408
617.807312	26.431
617.807312	26.454
618.499146	26.477
622.650146	26.5
619.882812	26.523
616.423645	26.545
621.266479	26.569
616.423645	26.592
616.423645	26.616
620.574646	26.639
619.190979	26.663
634.411316	26.686
622.650146	26.709
632.335815	26.732
612.964478	26.754
624.725647	26.778
632.335815	26.801
625.41748	26.825
606.046143	26.848
624.033813	26.871
628.184814	26.894
624.033813	26.917
629.568481	26.94
629.568481	26.962
635.794983	26.986
630.260315	27.009
630.260315	27.033
630.260315	27.056
635.103149	27.079
631.643982	27.102
630.952148	27.125
635.794983	27.148
634.411316	27.17
624.033813	27.194
630.260315	27.217
637.17865	27.241
650.323486	27.264
640.637817	27.288
636.486816	27.311
654.474487	27.334
635.794983	27.357
640.637817	27.379
636.486816	27.403
640.637817	27.426
626.801147	27.45
639.25415	27.473
646.172485	27.496
648.247986	27.519
648.939819	27.542
638.562317	27.565
633.027649	27.587
639.945984	27.611
648.939819	27.634
648.939819	27.658
634.411316	27.681
643.405151	27.704
646.172485	27.727
648.247986	27.75
649.631653	27.773
655.166321	27.795
646.864319	27.819
662.084656	27.842
643.405151	27.866
648.247986	27.889
652.398987	27.913
648.939819	27.936
649.631653	27.959
652.398987	27.982
660.700989	28.004
644.096985	28.028
650.323486	28.051
643.405151	28.075
650.323486	28.098
658.625488	28.121
651.01532	28.144
662.084656	28.167
657.241821	28.19
660.700989	28.212
657.241821	28.236
662.084656	28.259
659.317322	28.283
664.160156	28.306
665.543823	28.329
661.392822	28.352
663.468323	28.375
657.933655	28.398
660.009155	28.42
660.009155	28.444
650.323486	28.467
657.241821	28.491
663.468323	28.514
655.166321	28.538
667.619324	28.561
663.468323	28.584
661.392822	28.607
654.474487	28.629
667.619324	28.653
664.85199	28.676
657.241821	28.702
662.084656	28.725
665.543823	28.748
664.160156	28.771
665.543823	28.794
655.858154	28.818
669.002991	28.841
671.078491	28.865
669.002991	28.888
677.996826	28.912
664.160156	28.935
679.380493	28.958
657.241821	28.981
669.694824	29.003
660.009155	29.027
660.700989	29.05
667.619324	29.074
666.235657	29.097
664.85199	29.121
673.153992	29.144
669.002991	29.167
671.770325	29.19
674.537659	29.212
660.700989	29.236
677.996826	29.259
682.147827	29.283
675.921326	29.306
684.223328	29.329
657.933655	29.352
673.845825	29.375
677.996826	29.398
684.915161	29.42
684.223328	29.444
673.845825	29.467
682.147827	29.491
668.311157	29.514
679.380493	29.538
666.92749	29.561
674.537659	29.584
678.68866	29.607
664.85199	29.629
666.92749	29.653
666.92749	29.676
677.304993	29.7
681.455994	29.723
669.694824	29.746
685.606995	29.769
680.76416	29.792
673.845825	29.815
678.68866	29.837
687.682495	29.861
683.531494	29.884
667.619324	29.908
682.839661	29.931
693.217163	29.954
686.990662	29.977
682.839661	30
682.839661	30.024
693.908997	30.046
684.223328	30.07
684.223328	30.093
689.066162	30.117
684.915161	30.14
689.757996	30.163
679.380493	30.186
675.921326	30.209
686.990662	30.232
689.066162	30.254
693.217163	30.278
684.223328	30.301
684.915161	30.325
686.298828	30.348
689.066162	30.371
689.757996	30.394
686.990662	30.417
691.141663	30.44
685.606995	30.462
689.757996	30.486
697.368164	30.509
687.682495	30.533
691.833496	30.556
691.833496	30.579
679.380493	30.602
705.670166	30.625
689.066162	30.648
691.141663	30.67
696.676331	30.694
698.059998	30.717
689.757996	30.741
692.52533	30.764
693.908997	30.788
691.833496	30.811
695.984497	30.834
695.292664	30.857
689.757996	30.879
697.368164	30.903
688.374329	30.926
700.135498	30.95
693.908997	30.973
703.594666	30.996
709.821167	31.019
693.217163	31.042
698.751831	31.065
700.135498	31.087
693.908997	31.111
701.519165	31.134
694.60083	31.158
694.60083	31.181
697.368164	31.204
698.751831	31.227
699.443665	31.25
698.059998	31.273
697.368164	31.295
708.4375	31.319
698.751831	31.342
700.827332	31.366
698.751831	31.389
702.210999	31.413
700.827332	31.436
697.368164	31.459
704.286499	31.482
701.519165	31.504
706.362	31.528
700.135498	31.551
696.676331	31.575
706.362	31.598
698.059998	31.621
698.059998	31.644
705.670166	31.667
702.210999	31.69
707.053833	31.712
711.204834	31.736
705.670166	31.759
698.059998	31.783
703.594666	31.806
708.4375	31.829
702.210999	31.852
720.890503	31.875
721.582336	31.898
709.129333	31.92
712.588501	31.944
719.506836	31.967
691.141663	31.991
706.362	32.014
709.129333	32.038
702.210999	32.061
716.739502	32.084
713.972168	32.107
709.129333	32.129
712.588501	32.153
714.664001	32.176
697.368164	32.2
714.664001	32.223
714.664001	32.246
711.204834	32.269
708.4375	32.292
713.280334	32.315
710.513	32.337
710.513	32.361
700.827332	32.384
721.582336	32.408
715.355835	32.431
717.431335	32.454
728.500671	32.477
713.972168	32.5
718.123169	32.523
702.210999	32.545
716.739502	32.569
713.280334	32.592
722.966003	32.616
720.198669	32.639
717.431335	32.663
718.815002	32.686
720.198669	32.709
711.896667	32.732
712.588501	32.754
718.815002	32.778
731.268005	32.801
708.4375	32.825
720.890503	32.848
726.425171	32.871
718.815002	32.894
723.657837	32.917
704.978333	32.94
719.506836	32.962
721.582336	32.986
722.27417	33.009
723.657837	33.033
722.27417	33.056
720.890503	33.079
730.576172	33.102
716.047668	33.125
716.739502	33.148
722.966003	33.17
724.34967	33.194
731.959839	33.217
723.657837	33.241
728.500671	33.264
723.657837	33.288
734.727173	33.311
722.27417	33.334
729.192505	33.357
719.506836	33.379
731.959839	33.403
722.27417	33.426
724.34967	33.45
726.425171	33.473
723.657837	33.496
720.198669	33.519
730.576172	33.542
729.192505	33.565
723.657837	33.587
728.500671	33.611
729.192505	33.634
720.890503	33.658
726.425171	33.681
728.500671	33.704
734.035339	33.727
713.972168	33.75
728.500671	33.773
734.727173	33.795
718.815002	33.819
736.802673	33.842
732.651672	33.866
734.727173	33.889
737.494507	33.913
727.808838	33.936
734.727173	33.959
726.425171	33.982
726.425171	34.004
734.035339	34.029
722.27417	34.052
734.727173	34.076
732.651672	34.099
731.959839	34.122
731.268005	34.145
730.576172	34.168
729.192505	34.192
728.500671	34.215
732.651672	34.239
730.576172	34.262
736.802673	34.286
743.029175	34.309
732.651672	34.332
731.959839	34.355
738.18634	34.377
729.884338	34.401
724.34967	34.424
728.500671	34.448
732.651672	34.471
734.727173	34.495
736.11084	34.518
739.570007	34.541
737.494507	34.564
734.035339	34.586
734.727173	34.61
735.419006	34.633
730.576172	34.657
738.878174	34.68
731.268005	34.704
734.727173	34.727
744.412842	34.75
745.104675	34.773
736.802673	34.795
727.808838	34.819
730.576172	34.842
735.419006	34.866
749.255676	34.889
734.035339	34.913
743.029175	34.936
737.494507	34.959
746.488342	34.982
743.029175	35.004
742.337341	35.028
731.268005	35.051
724.34967	35.075
740.261841	35.098
736.11084	35.121
732.651672	35.144
741.645508	35.167
738.18634	35.19
746.488342	35.212
741.645508	35.236
738.878174	35.259
744.412842	35.283
738.878174	35.306
745.104675	35.329
745.104675	35.352
740.261841	35.375
742.337341	35.398
741.645508	35.42
739.570007	35.444
739.570007	35.467
749.255676	35.491
745.104675	35.514
741.645508	35.538
741.645508	35.561
747.180176	35.584
732.651672	35.607
740.261841	35.629
739.570007	35.653
741.645508	35.676
737.494507	35.701
741.645508	35.724
742.337341	35.747
743.721008	35.77
747.872009	35.793
745.104675	35.818
745.796509	35.841
725.733337	35.865
741.645508	35.888
742.337341	35.912
741.645508	35.935
746.488342	35.958
740.953674	35.981
745.796509	36.003
750.639343	36.027
736.802673	36.05
747.872009	36.074
744.412842	36.097
744.412842	36.121
741.645508	36.144
735.419006	36.167
759.633179	36.19
746.488342	36.212
742.337341	36.236
745.104675	36.259
741.645508	36.283
747.180176	36.306
745.796509	36.329
742.337341	36.352
743.029175	36.375
752.714844	36.398
745.104675	36.42
748.563843	36.444
739.570007	36.467
746.488342	36.491
743.029175	36.514
746.488342	36.538
743.029175	36.561
751.331177	36.584
746.488342	36.607
750.639343	36.629
746.488342	36.653
738.878174	36.676
761.016846	36.7
750.639343	36.724
748.563843	36.747
754.098511	36.77
739.570007	36.793
745.796509	36.817
743.721008	36.84
737.494507	36.864
749.94751	36.887
749.94751	36.911
756.174011	36.934
751.331177	36.957
740.261841	36.98
754.098511	37.002
745.104675	37.026
749.255676	37.049
755.482178	37.073
756.174011	37.096
752.02301	37.12
740.953674	37.143
760.325012	37.166
749.255676	37.189
751.331177	37.211
745.796509	37.235
747.872009	37.258
758.249512	37.282
749.255676	37.305
752.02301	37.329
747.180176	37.352
747.872009	37.375
752.02301	37.398
748.563843	37.42
748.563843	37.444
745.104675	37.467
752.714844	37.491
756.865845	37.514
758.249512	37.538
752.714844	37.561
747.872009	37.584
745.796509	37.607
747.872009	37.629
747.872009	37.653
751.331177	37.676
753.406677	37.701
752.714844	37.724
751.331177	37.747
761.708679	37.77
746.488342	37.793
754.098511	37.817
750.639343	37.84
760.325012	37.864
742.337341	37.887
752.02301	37.911
749.255676	37.934
746.488342	37.957
747.872009	37.98
763.092346	38.002
753.406677	38.026
749.255676	38.049
741.645508	38.073
757.557678	38.096
738.878174	38.12
738.878174	38.143
750.639343	38.166
742.337341	38.189
743.029175	38.211
742.337341	38.235
725.733337	38.258
742.337341	38.282
752.02301	38.305
742.337341	38.329
754.790344	38.352
745.796509	38.375
737.494507	38.398
740.953674	38.42
743.721008	38.444
743.721008	38.467
747.872009	38.492
745.796509	38.515
756.865845	38.538
751.331177	38.561
748.563843	38.584
754.098511	38.607
746.488342	38.629
744.412842	38.653
738.878174	38.676
747.180176	38.702
746.488342	38.725
745.104675	38.748
747.872009	38.771
750.639343	38.794
736.802673	38.818
751.331177	38.841
755.482178	38.865
751.331177	38.888
742.337341	38.912
739.570007	38.935
744.412842	38.958
745.104675	38.981
747.872009	39.003
740.953674	39.027
742.337341	39.051
743.721008	39.076
749.255676	39.099
754.790344	39.122
744.412842	39.145
750.639343	39.168
745.796509	39.192
751.331177	39.215
757.557678	39.239
743.029175	39.262
750.639343	39.286
751.331177	39.309
756.174011	39.332
744.412842	39.355
751.331177	39.377
745.104675	39.401
744.412842	39.424
752.714844	39.448
744.412842	39.471
748.563843	39.495
747.180176	39.518
757.557678	39.541
734.035339	39.564
745.796509	39.586
749.94751	39.61
740.261841	39.633
747.872009	39.657
748.563843	39.68
743.029175	39.704
749.255676	39.727
753.406677	39.75
744.412842	39.773
740.261841	39.795
747.872009	39.819
749.94751	39.842
751.331177	39.866
740.953674	39.889
732.651672	39.913
752.02301	39.936
759.633179	39.959
742.337341	39.982
752.02301	40.004
743.029175	40.028
734.035339	40.051
741.645508	40.075
729.192505	40.098
744.412842	40.121
745.796509	40.144
746.488342	40.167
742.337341	40.19
749.94751	40.212
746.488342	40.236
745.104675	40.259
744.412842	40.283
743.721008	40.306
747.872009	40.329
753.406677	40.352
746.488342	40.375
746.488342	40.398
746.488342	40.42
745.104675	40.444
742.337341	40.467
749.255676	40.491
757.557678	40.514
743.721008	40.538
743.029175	40.561
739.570007	40.584
734.727173	40.607
738.878174	40.629
743.721008	40.653
745.104675	40.676
743.721008	40.702
739.570007	40.725
749.94751	40.748
744.412842	40.771
745.104675	40.794
742.337341	40.818
740.953674	40.841
746.488342	40.865
747.180176	40.888
744.412842	40.912
749.255676	40.935
756.865845	40.958
740.261841	40.981
749.94751	41.003
749.255676	41.027
748.563843	41.05
738.878174	41.074
734.035339	41.097
746.488342	41.121
750.639343	41.144
751.331177	41.167
750.639343	41.19
743.721008	41.212
748.563843	41.236
749.255676	41.259
752.714844	41.283
747.180176	41.306
752.714844	41.329
748.563843	41.352
749.94751	41.375
736.11084	41.398
745.104675	41.42
747.872009	41.444
753.406677	41.467
751.331177	41.491
758.249512	41.514
747.872009	41.538
756.865845	41.561
742.337341	41.584
739.570007	41.607
743.029175	41.629
749.94751	41.653
734.035339	41.676
746.488342	41.7
751.331177	41.723
752.02301	41.746
746.488342	41.769
745.796509	41.792
747.180176	41.815
749.94751	41.837
749.94751	41.861
748.563843	41.884
743.029175	41.908
763.092346	41.931
748.563843	41.954
747.180176	41.977
758.249512	42
751.331177	42.023
743.029175	42.045
746.488342	42.069
754.790344	42.092
743.029175	42.116
753.406677	42.139
747.872009	42.163
749.94751	42.186
751.331177	42.209
753.406677	42.232
751.331177	42.254
767.935181	42.278
751.331177	42.301
752.02301	42.325
749.255676	42.348
749.255676	42.371
747.872009	42.394
743.029175	42.417
745.796509	42.44
745.796509	42.462
752.02301	42.486
749.94751	42.509
749.94751	42.533
754.098511	42.556
745.796509	42.579
750.639343	42.602
749.94751	42.625
746.488342	42.648
743.029175	42.67
749.255676	42.694
747.872009	42.717
761.016846	42.741
764.476013	42.764
752.714844	42.788
755.482178	42.811
752.714844	42.834
764.476013	42.857
754.790344	42.879
752.714844	42.903
756.174011	42.926
764.476013	42.95
762.400513	42.973
756.174011	42.996
759.633179	43.019
758.249512	43.042
765.85968	43.065
757.557678	43.087
756.865845	43.111
758.941345	43.134
756.865845	43.158
755.482178	43.181
735.419006	43.204
757.557678	43.227
740.261841	43.25
752.714844	43.273
749.255676	43.295
750.639343	43.319
760.325012	43.342
751.331177	43.366
761.708679	43.389
765.167847	43.413
753.406677	43.436
756.865845	43.459
746.488342	43.482
756.865845	43.504
746.488342	43.528
745.104675	43.551
753.406677	43.575
754.790344	43.598
749.255676	43.621
753.406677	43.644
746.488342	43.667
735.419006	43.69
755.482178	43.712
749.94751	43.736
743.029175	43.759
745.104675	43.783
749.94751	43.806
749.255676	43.829
752.02301	43.852
745.104675	43.875
751.331177	43.898
750.639343	43.92
758.941345	43.945
742.337341	43.968
747.180176	43.992
748.563843	44.015
750.639343	44.038
752.02301	44.061
760.325012	44.085
752.02301	44.109
750.639343	44.132
754.098511	44.156
747.872009	44.179
749.94751	44.203
750.639343	44.226
748.563843	44.249
749.94751	44.272
748.563843	44.294
743.029175	44.318
751.331177	44.341
751.331177	44.365
739.570007	44.388
752.02301	44.412
743.029175	44.435
754.790344	44.458
750.639343	44.481
750.639343	44.503
752.02301	44.527
749.94751	44.55
754.098511	44.574
736.802673	44.597
740.953674	44.621
747.872009	44.644
767.935181	44.667
745.796509	44.69
754.098511	44.712
753.406677	44.736
752.714844	44.759
747.180176	44.783
765.85968	44.806
752.02301	44.829
756.865845	44.852
749.94751	44.875
747.872009	44.898
752.714844	44.92
750.639343	44.944
753.406677	44.967
753.406677	44.991
742.337341	45.014
766.551514	45.038
757.557678	45.061
748.563843	45.084
751.331177	45.107
749.94751	45.129
749.255676	45.153
748.563843	45.176
751.331177	45.2
761.708679	45.223
746.488342	45.246
756.174011	45.269
758.941345	45.292
758.941345	45.315
735.419006	45.338
759.633179	45.362
749.94751	45.385
754.790344	45.409
750.639343	45.432
750.639343	45.455
758.941345	45.478
751.331177	45.501
748.563843	45.524
749.94751	45.546
749.94751	45.57
750.639343	45.593
751.331177	45.618
741.645508	45.641
761.016846	45.664
750.639343	45.687
753.406677	45.71
746.488342	45.734
750.639343	45.757
747.872009	45.781
747.872009	45.804
753.406677	45.828
754.098511	45.851
749.94751	45.874
756.174011	45.897
747.872009	45.919
752.714844	45.943
749.255676	45.966
755.482178	45.99
749.255676	46.013
744.412842	46.037
748.563843	46.06
753.406677	46.083
745.796509	46.106
750.639343	46.128
754.098511	46.152
740.261841	46.175
750.639343	46.199
752.02301	46.222
752.714844	46.246
753.406677	46.269
754.790344	46.292
752.714844	46.315
753.406677	46.337
756.865845	46.361
758.941345	46.384
752.02301	46.408
752.02301	46.431
753.406677	46.454
752.02301	46.477
744.412842	46.5
747.872009	46.523
758.941345	46.545
749.255676	46.569
752.714844	46.592
749.255676	46.616
756.174011	46.64
747.872009	46.663
752.02301	46.686
756.174011	46.709
741.645508	46.732
745.796509	46.754
750.639343	46.778
747.180176	46.801
750.639343	46.825
754.098511	46.848
753.406677	46.871
749.94751	46.894
739.570007	46.917
760.325012	46.94
753.406677	46.962
754.790344	46.986
749.94751	47.009
756.174011	47.033
749.94751	47.056
753.406677	47.079
746.488342	47.102
761.708679	47.125
755.482178	47.148
750.639343	47.17
754.098511	47.194
745.104675	47.217
747.872009	47.241
751.331177	47.264
745.104675	47.288
743.029175	47.311
747.180176	47.334
755.482178	47.357
749.255676	47.379
747.180176	47.403
743.029175	47.426
754.790344	47.45
743.721008	47.473
758.249512	47.496
744.412842	47.519
744.412842	47.542
750.639343	47.565
749.255676	47.587
738.18634	47.611
747.872009	47.634
749.255676	47.658
751.331177	47.681
747.180176	47.704
746.488342	47.727
743.721008	47.75
747.872009	47.773
755.482178	47.795
756.865845	47.819
747.180176	47.842
748.563843	47.866
747.872009	47.889
754.790344	47.913
751.331177	47.936
751.331177	47.959
740.953674	47.982
746.488342	48.004
736.11084	48.028
747.180176	48.051
745.796509	48.075
761.016846	48.098
735.419006	48.121
747.180176	48.145
744.412842	48.168
749.94751	48.192
749.255676	48.215
748.563843	48.239
745.796509	48.262
742.337341	48.286
745.796509	48.309
747.180176	48.332
743.721008	48.355
743.029175	48.377
746.488342	48.401
740.261841	48.424
741.645508	48.448
755.482178	48.471
756.865845	48.495
749.255676	48.518
740.261841	48.541
754.790344	48.564
743.721008	48.586
748.563843	48.61
745.104675	48.633
747.872009	48.657
747.872009	48.68
754.098511	48.704
744.412842	48.727
749.255676	48.75
740.953674	48.773
753.406677	48.795
747.872009	48.819
745.104675	48.842
745.104675	48.866
747.180176	48.889
749.255676	48.913
748.563843	48.936
745.796509	48.959
751.331177	48.982
753.406677	49.004
747.872009	49.028
745.104675	49.051
743.721008	49.075
745.104675	49.098
745.796509	49.121
747.180176	49.144
743.721008	49.167
731.268005	49.19
750.639343	49.212
758.249512	49.236
749.255676	49.259
747.180176	49.283
740.953674	49.306
744.412842	49.329
739.570007	49.352
741.645508	49.375
744.412842	49.398
742.337341	49.42
743.029175	49.445
741.645508	49.468
744.412842	49.493
745.104675	49.516
749.255676	49.539
728.500671	49.562
739.570007	49.585
741.645508	49.609
737.494507	49.632
739.570007	49.656
746.488342	49.68
740.953674	49.705
748.563843	49.728
743.721008	49.752
749.255676	49.776
743.029175	49.799
746.488342	49.823
743.029175	49.846
744.412842	49.87
743.029175	49.893
756.865845	49.916
743.029175	49.939
741.645508	49.961
740.261841	49.985
747.872009	50.008
737.494507	50.032
745.796509	50.055
740.953674	50.079
740.953674	50.102
744.412842	50.125
737.494507	50.148
734.727173	50.17
739.570007	50.194
747.872009	50.217
745.796509	50.241
757.557678	50.264
752.02301	50.288
739.570007	50.311
747.180176	50.334
734.727173	50.357
746.488342	50.379
735.419006	50.403
746.488342	50.426
745.104675	50.45
727.808838	50.473
743.721008	50.496
741.645508	50.519
738.878174	50.542
738.18634	50.565
744.412842	50.587
738.878174	50.611
743.029175	50.634
747.180176	50.658
749.255676	50.681
728.500671	50.705
740.953674	50.728
739.570007	50.751
745.104675	50.774
747.872009	50.796
749.255676	50.82
740.953674	50.843
743.029175	50.867
743.029175	50.89
734.727173	50.913
737.494507	50.936
748.563843	50.96
736.802673	50.984
747.180176	51.008
741.645508	51.032
734.035339	51.055
738.878174	51.079
734.727173	51.102
738.18634	51.125
733.343506	51.148
749.255676	51.17
739.570007	51.194
743.029175	51.217
736.11084	51.241
731.959839	51.264
750.639343	51.288
740.261841	51.311
747.872009	51.334
731.959839	51.357
738.18634	51.379
735.419006	51.403
736.802673	51.426
739.570007	51.45
727.808838	51.473
734.035339	51.496
738.18634	51.519
736.802673	51.542
746.488342	51.565
740.261841	51.587
742.337341	51.611
734.035339	51.634
734.727173	51.658
738.878174	51.681
737.494507	51.704
740.261841	51.727
734.035339	51.75
725.733337	51.773
734.727173	51.795
732.651672	51.819
738.18634	51.842
734.727173	51.866
736.11084	51.889
727.117004	51.913
731.268005	51.936
746.488342	51.959
737.494507	51.982
734.727173	52.004
730.576172	52.028
729.192505	52.051
735.419006	52.075
732.651672	52.098
734.727173	52.121
728.500671	52.144
734.035339	52.167
734.035339	52.19
729.884338	52.212
736.11084	52.236
729.884338	52.259
735.419006	52.283
732.651672	52.306
723.657837	52.329
732.651672	52.352
727.117004	52.375
734.727173	52.399
719.506836	52.421
734.035339	52.445
734.035339	52.468
732.651672	52.493
720.198669	52.516
737.494507	52.539
729.192505	52.562
740.953674	52.585
743.029175	52.609
729.884338	52.632
730.576172	52.656
731.959839	52.679
732.651672	52.705
731.959839	52.728
725.041504	52.751
730.576172	52.774
740.953674	52.797
725.041504	52.821
738.878174	52.844
736.802673	52.868
731.959839	52.891
727.808838	52.914
727.117004	52.937
725.041504	52.96
727.808838	52.984
726.425171	53.007
724.34967	53.031
722.27417	53.054
718.123169	53.078
730.576172	53.101
723.657837	53.124
725.041504	53.147
722.27417	53.169
726.425171	53.193
723.657837	53.216
727.117004	53.24
724.34967	53.263
713.972168	53.287
720.890503	53.31
717.431335	53.333
714.664001	53.356
713.972168	53.379
715.355835	53.403
715.355835	53.426
716.047668	53.45
722.27417	53.473
727.808838	53.496
714.664001	53.519
710.513	53.542
716.047668	53.565
729.192505	53.587
719.506836	53.611
708.4375	53.634
718.815002	53.658
714.664001	53.681
717.431335	53.704
703.594666	53.727
713.280334	53.75
720.198669	53.773
722.966003	53.795
731.959839	53.819
710.513	53.843
716.739502	53.867
719.506836	53.89
721.582336	53.913
700.135498	53.936
716.739502	53.959
722.27417	53.982
718.815002	54.004
709.129333	54.028
707.745667	54.051
698.751831	54.076
717.431335	54.101
711.896667	54.124
718.815002	54.148
718.123169	54.17
711.204834	54.194
715.355835	54.217
711.204834	54.241
715.355835	54.264
711.204834	54.288
710.513	54.311
716.739502	54.334
704.978333	54.357
707.745667	54.379
700.827332	54.403
712.588501	54.426
713.972168	54.45
706.362	54.473
707.745667	54.496
711.896667	54.519
704.978333	54.542
702.210999	54.565
693.908997	54.587
714.664001	54.611
712.588501	54.634
707.745667	54.658
704.978333	54.681
716.739502	54.704
708.4375	54.727
707.053833	54.75
708.4375	54.773
700.827332	54.795
703.594666	54.819
717.431335	54.843
700.827332	54.867
704.286499	54.89
701.519165	54.914
709.129333	54.937
707.745667	54.96
704.286499	54.984
704.978333	55.007
698.059998	55.031
708.4375	55.054
706.362	55.078
704.978333	55.101
702.210999	55.124
704.286499	55.147
700.827332	55.169
701.519165	55.193
702.902832	55.216
702.210999	55.24
715.355835	55.263
709.129333	55.287
692.52533	55.31
704.978333	55.333
706.362	55.357
693.217163	55.379
698.059998	55.403
700.135498	55.426
707.053833	55.45
702.902832	55.473
694.60083	55.496
708.4375	55.519
700.135498	55.542
699.443665	55.565
705.670166	55.587
687.682495	55.611
682.147827	55.634
693.217163	55.658
701.519165	55.682
690.449829	55.705
689.066162	55.728
689.066162	55.751
696.676331	55.774
698.751831	55.796
704.286499	55.82
695.984497	55.844
688.374329	55.868
691.141663	55.891
696.676331	55.915
686.990662	55.938
680.072327	55.96
697.368164	55.984
691.141663	56.008
689.757996	56.032
689.066162	56.055
688.374329	56.079
688.374329	56.102
682.839661	56.125
677.304993	56.148
681.455994	56.17
691.141663	56.195
689.066162	56.218
693.217163	56.242
687.682495	56.265
685.606995	56.288
683.531494	56.311
673.845825	56.334
682.839661	56.357
685.606995	56.379
690.449829	56.403
684.915161	56.426
681.455994	56.45
684.915161	56.473
683.531494	56.496
690.449829	56.519
686.298828	56.542
684.223328	56.565
692.52533	56.587
682.839661	56.611
686.990662	56.635
690.449829	56.659
682.147827	56.682
666.235657	56.705
691.833496	56.728
690.449829	56.751
685.606995	56.774
671.078491	56.796
689.757996	56.82
683.531494	56.844
673.845825	56.868
684.915161	56.891
683.531494	56.915
678.68866	56.938
691.141663	56.961
687.682495	56.985
683.531494	57.008
684.223328	57.032
694.60083	57.055
691.833496	57.079
683.531494	57.102
682.147827	57.125
686.298828	57.148
677.996826	57.17
668.311157	57.195
684.223328	57.218
686.990662	57.242
691.141663	57.265
686.298828	57.288
686.990662	57.311
680.76416	57.334
685.606995	57.357
680.76416	57.379
686.298828	57.404
681.455994	57.427
683.531494	57.451
680.76416	57.475
679.380493	57.498
686.298828	57.521
685.606995	57.544
691.833496	57.568
683.531494	57.591
678.68866	57.615
675.921326	57.638
685.606995	57.662
685.606995	57.685
683.531494	57.708
686.990662	57.731
669.002991	57.753
682.147827	57.777
677.996826	57.801
685.606995	57.825
680.76416	57.849
674.537659	57.872
685.606995	57.895
682.839661	57.918
681.455994	57.942
677.304993	57.965
675.921326	57.989
676.613159	58.012
680.072327	58.036
666.235657	58.059
671.770325	58.083
671.078491	58.106
670.386658	58.128
686.298828	58.153
664.85199	58.176
679.380493	58.2
663.468323	58.224
666.235657	58.247
679.380493	58.27
683.531494	58.293
676.613159	58.317
670.386658	58.34
675.229492	58.364
668.311157	58.387
658.625488	58.411
669.002991	58.434
671.078491	58.457
671.078491	58.48
660.009155	58.502
665.543823	58.527
677.304993	58.55
667.619324	58.574
669.002991	58.597
674.537659	58.622
673.845825	58.645
664.85199	58.668
659.317322	58.692
668.311157	58.715
675.921326	58.739
664.85199	58.762
665.543823	58.786
673.153992	58.81
671.770325	58.833
675.921326	58.856
668.311157	58.878
667.619324	58.902
673.153992	58.925
668.311157	58.949
671.078491	58.972
669.694824	58.996
661.392822	59.019
674.537659	59.042
671.770325	59.065
660.700989	59.088
682.147827	59.112
663.468323	59.135
666.92749	59.159
670.386658	59.182
669.002991	59.205
662.776489	59.228
680.072327	59.251
666.92749	59.276
669.002991	59.299
667.619324	59.323
672.462158	59.346
671.770325	59.37
670.386658	59.393
655.166321	59.417
669.002991	59.44
671.770325	59.462
676.613159	59.487
666.235657	59.51
662.776489	59.535
665.543823	59.558
669.694824	59.581
667.619324	59.605
665.543823	59.627
655.858154	59.652
656.549988	59.675
662.776489	59.7
668.311157	59.724
665.543823	59.748
655.166321	59.771
664.85199	59.794
659.317322	59.818
669.002991	59.841
660.700989	59.866
657.241821	59.889
660.009155	59.913
664.85199	59.936
666.235657	59.959
658.625488	59.982
653.782654	60.004
655.166321	60.029
656.549988	60.053
662.084656	60.077
656.549988	60.1
657.933655	60.123
661.392822	60.146
657.241821	60.169
669.002991	60.193
653.09082	60.216
654.474487	60.24
655.858154	60.263
652.398987	60.287
655.166321	60.31
654.474487	60.334
657.933655	60.357
654.474487	60.38
658.625488	60.404
649.631653	60.427
650.323486	60.451
655.166321	60.475
657.933655	60.498
660.700989	60.521
666.92749	60.544
635.794983	60.568
655.858154	60.591
667.619324	60.615
653.782654	60.639
653.782654	60.663
650.323486	60.687
652.398987	60.71
659.317322	60.734
659.317322	60.757
650.323486	60.781
657.241821	60.805
652.398987	60.829
664.160156	60.852
641.329651	60.875
658.625488	60.898
660.700989	60.921
659.317322	60.946
660.700989	60.969
655.858154	60.993
656.549988	61.016
655.858154	61.039
656.549988	61.062
660.009155	61.085
644.096985	61.109
652.398987	61.133
654.474487	61.157
657.933655	61.181
664.160156	61.204
661.392822	61.227
662.084656	61.25
652.398987	61.273
637.17865	61.296
652.398987	61.32
664.85199	61.343
655.858154	61.368
651.707153	61.391
652.398987	61.414
643.405151	61.437
655.166321	61.46
648.939819	61.484
645.480652	61.507
649.631653	61.531
650.323486	61.554
655.858154	61.578
654.474487	61.601
646.864319	61.624
645.480652	61.648
647.556152	61.67
656.549988	61.695
648.247986	61.718
637.870483	61.742
642.713318	61.765
643.405151	61.789
644.788818	61.812
645.480652	61.835
657.933655	61.859
636.486816	61.882
643.405151	61.907
643.405151	61.93
642.713318	61.954
637.17865	61.978
631.643982	62.001
643.405151	62.026
637.870483	62.049
639.945984	62.073
642.021484	62.096
633.719482	62.12
640.637817	62.143
639.945984	62.167
636.486816	62.19
646.172485	62.212
639.945984	62.237
642.713318	62.261
639.945984	62.285
649.631653	62.308
639.945984	62.331
633.027649	62.355
637.870483	62.377
638.562317	62.402
642.021484	62.426
628.876648	62.451
639.945984	62.475
639.945984	62.499
635.103149	62.522
639.945984	62.545
637.17865	62.569
648.939819	62.593
635.103149	62.618
640.637817	62.641
638.562317	62.664
638.562317	62.688
637.17865	62.71
640.637817	62.735
633.719482	62.758
637.17865	62.782
635.103149	62.806
635.794983	62.829
632.335815	62.853
648.247986	62.876
638.562317	62.901
636.486816	62.924
639.25415	62.948
642.021484	62.971
638.562317	62.995
633.027649	63.018
633.027649	63.042
635.794983	63.065
630.260315	63.088
633.027649	63.113
639.25415	63.137
632.335815	63.161
635.103149	63.184
628.184814	63.208
633.027649	63.231
637.17865	63.254
628.184814	63.278
626.109314	63.302
625.41748	63.326
608.121643	63.35
635.794983	63.373
634.411316	63.396
637.870483	63.419
628.876648	63.443
634.411316	63.466
637.17865	63.491
631.643982	63.514
634.411316	63.539
630.952148	63.562
634.411316	63.585
619.190979	63.609
629.568481	63.632
628.184814	63.656
642.713318	63.679
630.260315	63.703
617.115479	63.726
628.876648	63.749
633.719482	63.773
620.574646	63.796
626.109314	63.82
630.952148	63.843
630.952148	63.867
629.568481	63.89
635.794983	63.914
622.650146	63.937
646.172485	63.96
624.033813	63.985
621.958313	64.008
632.335815	64.032
624.725647	64.055
638.562317	64.079
629.568481	64.102
637.17865	64.126
628.876648	64.152
640.637817	64.175
636.486816	64.199
631.643982	64.223
634.411316	64.246
626.801147	64.269
632.335815	64.292
633.027649	64.315
635.103149	64.338
636.486816	64.362
637.17865	64.385
634.411316	64.409
631.643982	64.433
634.411316	64.456
636.486816	64.479
630.952148	64.502
626.801147	64.527
630.952148	64.55
628.184814	64.575
630.952148	64.599
637.17865	64.622
627.492981	64.646
642.713318	64.669
621.958313	64.694
633.719482	64.717
628.184814	64.742
637.17865	64.765
628.184814	64.789
630.952148	64.812
636.486816	64.835
631.643982	64.86
627.492981	64.883
632.335815	64.907
633.027649	64.931
624.033813	64.954
630.260315	64.978
633.027649	65.001
633.719482	65.026
630.260315	65.049
630.952148	65.074
633.719482	65.098
631.643982	65.121
626.801147	65.145
633.719482	65.169
626.801147	65.193
639.25415	65.216
617.807312	65.241
631.643982	65.265
627.492981	65.289
626.801147	65.312
633.027649	65.335
621.958313	65.359
646.172485	65.382
636.486816	65.407
623.34198	65.43
633.027649	65.454
628.876648	65.477
640.637817	65.5
630.260315	65.524
634.411316	65.547
633.719482	65.571
627.492981	65.594
624.725647	65.619
630.260315	65.642
623.34198	65.665
637.870483	65.688
623.34198	65.71
625.41748	65.735
626.109314	65.758
637.870483	65.783
633.027649	65.807
628.876648	65.83
633.027649	65.854
633.719482	65.877
626.109314	65.902
630.952148	65.925
629.568481	65.95
633.719482	65.974
632.335815	65.997
630.952148	66.021
629.568481	66.044
625.41748	66.068
633.719482	66.091
630.260315	66.116
632.335815	66.139
633.027649	66.164
621.958313	66.188
630.260315	66.211
646.172485	66.236
628.184814	66.26
623.34198	66.284
633.719482	66.307
630.260315	66.33
619.882812	66.353
624.033813	66.377
632.335815	66.402
621.266479	66.425
629.568481	66.449
633.027649	66.473
636.486816	66.496
628.184814	66.52
631.643982	66.544
639.945984	66.568
631.643982	66.591
628.184814	66.615
628.184814	66.639
635.794983	66.663
631.643982	66.687
638.562317	66.71
629.568481	66.735
626.109314	66.759
619.882812	66.784
631.643982	66.808
628.876648	66.832
626.801147	66.856
628.876648	66.879
633.719482	66.904
619.190979	66.928
621.266479	66.953
642.713318	66.977
633.719482	67
633.719482	67.024
634.411316	67.047
631.643982	67.072
635.103149	67.095
624.725647	67.12
635.103149	67.143
637.17865	67.167
640.637817	67.192
637.17865	67.216
636.486816	67.241
633.027649	67.264
633.027649	67.289
630.952148	67.313
638.562317	67.335
632.335815	67.36
631.643982	67.383
626.109314	67.408
626.801147	67.431
635.103149	67.455
630.260315	67.479
629.568481	67.503
637.870483	67.527
634.411316	67.55
637.17865	67.575
629.568481	67.599
628.184814	67.623
630.260315	67.647
633.719482	67.67
631.643982	67.695
626.109314	67.718
631.643982	67.743
640.637817	67.767
630.952148	67.791
633.719482	67.814
628.876648	67.837
624.725647	67.861
638.562317	67.884
626.801147	67.909
625.41748	67.933
626.801147	67.956
633.027649	67.98
634.411316	68.002
626.801147	68.027
628.876648	68.051
626.109314	68.075
623.34198	68.099
632.335815	68.122
626.801147	68.146
634.411316	68.169
628.184814	68.194
635.103149	68.218
628.184814	68.243
631.643982	68.266
624.725647	68.29
632.335815	68.314
623.34198	68.337
629.568481	68.361
638.562317	68.385
618.499146	68.41
621.266479	68.434
626.801147	68.457
627.492981	68.481
630.260315	68.504
632.335815	68.528
630.260315	68.552
630.260315	68.577
619.882812	68.601
626.109314	68.625
633.719482	68.649
635.794983	68.672
628.876648	68.699
626.801147	68.722
626.801147	68.747
635.794983	68.771
628.876648	68.794
631.643982	68.819
633.719482	68.843
633.719482	68.868
632.335815	68.891
635.103149	68.915
630.952148	68.939
628.184814	68.962
639.945984	68.987
630.952148	69.011
632.335815	69.035
631.643982	69.058
628.876648	69.082
628.876648	69.106
630.952148	69.129
628.184814	69.154
630.260315	69.178
633.027649	69.202
626.801147	69.225
630.260315	69.248
625.41748	69.272
632.335815	69.295
618.499146	69.32
630.260315	69.343
631.643982	69.368
631.643982	69.391
626.801147	69.415
624.033813	69.439
633.719482	69.462
628.184814	69.487
626.801147	69.511
631.643982	69.536
626.801147	69.56
631.643982	69.584
630.952148	69.609
631.643982	69.633
627.492981	69.658
631.643982	69.682
640.637817	69.705
634.411316	69.729
628.876648	69.753
643.405151	69.777
632.335815	69.801
635.103149	69.826
626.801147	69.85
630.952148	69.874
637.870483	69.897
630.952148	69.921
628.184814	69.945
629.568481	69.969
628.184814	69.994
635.103149	70.018
624.033813	70.042
626.109314	70.065
628.876648	70.088
628.876648	70.113
629.568481	70.137
633.719482	70.162
634.411316	70.185
629.568481	70.209
624.725647	70.234
632.335815	70.258
640.637817	70.282
625.41748	70.306
632.335815	70.33
628.876648	70.354
629.568481	70.378
629.568481	70.402
626.109314	70.426
626.109314	70.45
626.801147	70.474
626.801147	70.498
635.103149	70.522
637.17865	70.545
625.41748	70.57
619.882812	70.594
637.870483	70.618
637.17865	70.641
634.411316	70.665
626.109314	70.689
637.17865	70.712
632.335815	70.736
623.34198	70.76
626.109314	70.784
630.260315	70.808
624.725647	70.832
628.184814	70.856
631.643982	70.879
630.260315	70.904
626.801147	70.928
635.794983	70.952
635.103149	70.976
634.411316	71
631.643982	71.024
630.952148	71.047
629.568481	71.072
626.109314	71.095
624.033813	71.119
623.34198	71.143
633.719482	71.167
641.329651	71.19
629.568481	71.213
631.643982	71.238
618.499146	71.262
629.568481	71.286
626.109314	71.31
622.650146	71.334
619.190979	71.359
637.870483	71.383
640.637817	71.408
628.876648	71.432
635.794983	71.455
628.876648	71.479
632.335815	71.502
633.027649	71.527
641.329651	71.551
624.725647	71.576
639.25415	71.6
629.568481	71.624
637.870483	71.647
628.184814	71.67
633.027649	71.695
623.34198	71.718
633.719482	71.743
628.876648	71.767