Load	Time	
-28.365173	0.000000
-26.289673	0.024000
-32.516174	0.047000
-26.289673	0.071000
-32.516174	0.094000
-33.899841	0.117000
-27.673340	0.140000
-26.981506	0.163000
-22.138672	0.186000
-33.208008	0.208000
-26.981506	0.232000
-29.057007	0.255000
-40.126343	0.279000
-27.673340	0.302000
-36.667175	0.325000
-29.057007	0.348000
-26.981506	0.371000
-29.748840	0.394000
-31.824341	0.416000
-27.673340	0.440000
-33.899841	0.463000
-42.201843	0.487000
-30.440674	0.510000
-29.057007	0.533000
-31.132507	0.556000
-24.906006	0.579000
-28.365173	0.602000
-26.981506	0.624000
-24.906006	0.648000
-37.359009	0.671000
-35.975342	0.695000
-39.434509	0.718000
-24.214172	0.742000
-31.824341	0.765000
-29.057007	0.788000
-33.899841	0.811000
-36.667175	0.833000
-26.289673	0.857000
-31.824341	0.880000
-39.434509	0.904000
-36.667175	0.927000
-26.289673	0.950000
-24.214172	0.973000
-31.824341	0.996000
-38.050842	1.019000
-40.818176	1.041000
-29.057007	1.065000
-34.591675	1.088000
-24.214172	1.112000
-31.132507	1.135000
-35.283508	1.158000
-29.748840	1.181000
-30.440674	1.204000
-29.748840	1.227000
-28.365173	1.249000
-31.132507	1.273000
-31.824341	1.296000
-26.289673	1.320000
-43.585510	1.343000
-43.585510	1.367000
-34.591675	1.390000
-26.981506	1.413000
-27.673340	1.436000
-24.906006	1.458000
-40.126343	1.482000
-22.138672	1.505000
-31.824341	1.529000
-25.597839	1.552000
-26.981506	1.575000
-26.981506	1.598000
-38.742676	1.621000
-37.359009	1.644000
-29.748840	1.666000
-33.899841	1.690000
-30.440674	1.713000
-27.673340	1.737000
-37.359009	1.760000
-31.132507	1.783000
-33.208008	1.806000
-32.516174	1.829000
-32.516174	1.852000
-35.283508	1.874000
-31.132507	1.898000
-36.667175	1.921000
-26.981506	1.945000
-35.975342	1.968000
-32.516174	1.992000
-29.057007	2.015000
-26.289673	2.038000
-29.748840	2.061000
-40.818176	2.083000
-29.057007	2.107000
-27.673340	2.130000
-32.516174	2.154000
-33.899841	2.177000
-38.742676	2.200000
-33.899841	2.223000
-31.824341	2.246000
-31.824341	2.269000
-30.440674	2.291000
-31.824341	2.315000
-33.899841	2.338000
-23.522339	2.362000
-29.748840	2.385000
-42.201843	2.408000
-31.824341	2.431000
-34.591675	2.454000
-37.359009	2.477000
-28.365173	2.499000
-31.824341	2.523000
-40.126343	2.546000
-28.365173	2.570000
-32.516174	2.593000
-33.208008	2.617000
-31.132507	2.640000
-36.667175	2.663000
-34.591675	2.686000
-32.516174	2.708000
-29.748840	2.732000
-24.906006	2.755000
-32.516174	2.779000
-33.208008	2.802000
-27.673340	2.825000
-31.132507	2.848000
-28.365173	2.871000
-34.591675	2.894000
-25.597839	2.916000
-33.208008	2.940000
-27.673340	2.963000
-26.289673	2.987000
-17.987671	3.010000
-31.132507	3.033000
-35.975342	3.056000
-30.440674	3.079000
-21.446838	3.102000
-26.981506	3.124000
-23.522339	3.148000
-38.742676	3.171000
-29.748840	3.195000
-31.824341	3.218000
-38.742676	3.242000
-33.208008	3.265000
-41.510010	3.288000
-34.591675	3.311000
-34.591675	3.333000
-36.667175	3.357000
-35.283508	3.380000
-31.132507	3.404000
-30.440674	3.427000
-29.057007	3.450000
-25.597839	3.473000
-40.818176	3.496000
-40.126343	3.519000
-38.742676	3.541000
-25.597839	3.565000
-28.365173	3.588000
-29.748840	3.612000
-31.132507	3.635000
-42.893677	3.658000
-27.673340	3.681000
-30.440674	3.704000
-35.975342	3.727000
-51.887512	3.749000
-29.057007	3.773000
-22.138672	3.796000
-32.516174	3.820000
-35.283508	3.843000
-22.830505	3.867000
-35.283508	3.890000
-29.057007	3.913000
-30.440674	3.936000
-28.365173	3.958000
-28.365173	3.982000
-31.132507	4.005000
-29.748840	4.029000
-33.899841	4.052000
-29.057007	4.075000
-31.824341	4.098000
-29.748840	4.121000
-36.667175	4.144000
-29.057007	4.166000
-31.132507	4.190000
-32.516174	4.213000
-31.824341	4.237000
-25.597839	4.260000
-29.057007	4.283000
-31.132507	4.306000
-31.824341	4.329000
-31.132507	4.352000
-33.208008	4.374000
-31.132507	4.398000
-31.132507	4.421000
-29.748840	4.445000
-29.057007	4.468000
-31.132507	4.492000
-29.748840	4.515000
-27.673340	4.538000
-24.214172	4.561000
-29.057007	4.583000
-31.132507	4.607000
-32.516174	4.630000
-36.667175	4.654000
-15.912170	4.677000
-29.057007	4.700000
-31.824341	4.723000
-29.057007	4.746000
-33.208008	4.769000
-32.516174	4.791000
-35.283508	4.815000
-29.748840	4.838000
-30.440674	4.862000
-20.755005	4.885000
-26.289673	4.908000
-36.667175	4.931000
-35.975342	4.954000
-30.440674	4.977000
-41.510010	4.999000
-31.132507	5.023000
-31.824341	5.046000
-26.289673	5.070000
-33.208008	5.093000
-18.679504	5.117000
-31.824341	5.140000
-29.057007	5.163000
-36.667175	5.186000
-28.365173	5.208000
-32.516174	5.232000
-29.748840	5.255000
-41.510010	5.279000
-18.679504	5.302000
-27.673340	5.325000
-26.981506	5.348000
-30.440674	5.371000
-40.818176	5.394000
-29.057007	5.416000
-31.824341	5.440000
-31.132507	5.463000
-30.440674	5.487000
-38.050842	5.510000
-26.289673	5.533000
-30.440674	5.556000
-31.132507	5.579000
-28.365173	5.602000
-32.516174	5.624000
-34.591675	5.648000
-20.063171	5.671000
-38.742676	5.695000
-23.522339	5.718000
-25.597839	5.742000
-32.516174	5.765000
-35.283508	5.788000
-33.899841	5.811000
-34.591675	5.833000
-31.132507	5.857000
-26.981506	5.880000
-33.208008	5.904000
-35.975342	5.927000
-31.824341	5.950000
-24.214172	5.973000
-31.824341	5.996000
-18.679504	6.019000
-31.132507	6.041000
-16.604004	6.065000
-29.748840	6.088000
-25.597839	6.112000
-33.208008	6.135000
-22.830505	6.158000
-31.132507	6.181000
-29.057007	6.204000
-22.830505	6.227000
-33.208008	6.249000
-31.132507	6.273000
-30.440674	6.296000
-33.208008	6.320000
-21.446838	6.343000
-29.057007	6.367000
-31.824341	6.390000
-30.440674	6.413000
-31.824341	6.436000
-32.516174	6.458000
-31.824341	6.482000
-28.365173	6.505000
-27.673340	6.529000
-24.906006	6.552000
-41.510010	6.575000
-31.132507	6.598000
-30.440674	6.621000
-19.371338	6.644000
-34.591675	6.666000
-35.283508	6.690000
-29.748840	6.713000
-24.214172	6.737000
-22.830505	6.760000
-23.522339	6.783000
-26.981506	6.806000
-33.899841	6.829000
-26.981506	6.852000
-28.365173	6.874000
-20.063171	6.898000
-35.283508	6.921000
-29.057007	6.945000
-27.673340	6.968000
-21.446838	6.992000
-38.050842	7.015000
-30.440674	7.038000
-30.440674	7.061000
-26.289673	7.083000
-20.063171	7.107000
-31.824341	7.130000
-28.365173	7.154000
-42.893677	7.177000
-35.283508	7.200000
-31.824341	7.223000
-31.132507	7.246000
-30.440674	7.269000
-40.126343	7.291000
-39.434509	7.315000
-28.365173	7.338000
-27.673340	7.362000
-29.748840	7.385000
-31.824341	7.408000
-35.283508	7.431000
-35.975342	7.454000
-16.604004	7.477000
-40.818176	7.499000
-46.352844	7.523000
-32.516174	7.546000
-27.673340	7.570000
-31.132507	7.593000
-26.289673	7.617000
-29.748840	7.640000
-31.132507	7.663000
-37.359009	7.686000
-38.742676	7.708000
-26.289673	7.732000
-24.214172	7.755000
-30.440674	7.779000
-32.516174	7.802000
-33.208008	7.825000
-31.132507	7.848000
-34.591675	7.871000
-38.050842	7.894000
-33.208008	7.916000
-30.440674	7.940000
-27.673340	7.963000
-31.824341	7.987000
-35.975342	8.010000
-28.365173	8.033000
-28.365173	8.056000
-30.440674	8.079000
-24.906006	8.102000
-36.667175	8.124000
-31.132507	8.148000
-31.132507	8.171000
-33.208008	8.195000
-34.591675	8.218000
-45.661011	8.242000
-28.365173	8.265000
-17.295837	8.288000
-26.289673	8.311000
-17.987671	8.333000
-29.057007	8.357000
-32.516174	8.380000
-31.824341	8.404000
-26.289673	8.427000
-44.969177	8.450000
-42.893677	8.473000
-27.673340	8.496000
-24.906006	8.519000
-31.132507	8.541000
-25.597839	8.565000
-31.132507	8.588000
-29.748840	8.612000
-31.824341	8.635000
-34.591675	8.658000
-32.516174	8.681000
-30.440674	8.704000
-26.981506	8.727000
-30.440674	8.749000
-33.899841	8.773000
-27.673340	8.796000
-33.899841	8.820000
-33.208008	8.843000
-21.446838	8.867000
-49.120178	8.890000
-31.132507	8.913000
-30.440674	8.936000
-26.981506	8.958000
-35.283508	8.982000
-33.208008	9.005000
-29.748840	9.029000
-16.604004	9.052000
-35.283508	9.075000
-40.126343	9.098000
-33.899841	9.121000
-26.981506	9.144000
-28.365173	9.166000
-26.981506	9.190000
-37.359009	9.213000
-33.208008	9.237000
-26.981506	9.260000
-40.126343	9.283000
-29.057007	9.306000
-31.132507	9.329000
-26.289673	9.352000
-28.365173	9.374000
-26.289673	9.398000
-33.899841	9.421000
-27.673340	9.445000
-21.446838	9.468000
-30.440674	9.492000
-32.516174	9.515000
-32.516174	9.538000
-27.673340	9.561000
-18.679504	9.583000
-38.050842	9.607000
-36.667175	9.630000
-31.132507	9.654000
-30.440674	9.677000
-40.126343	9.700000
-30.440674	9.723000
-27.673340	9.746000
-20.755005	9.769000
-31.132507	9.791000
-28.365173	9.815000
-29.057007	9.838000
-29.748840	9.862000
-33.899841	9.885000
-33.208008	9.908000
-29.748840	9.931000
-28.365173	9.954000
-31.132507	9.977000
-47.736511	9.999000
-32.516174	10.023000
-28.365173	10.046000
-26.289673	10.070000
-22.138672	10.093000
-31.132507	10.117000
-26.289673	10.140000
-28.365173	10.163000
-33.899841	10.186000
-26.289673	10.208000
-13.144836	10.232000
-32.516174	10.255000
-32.516174	10.279000
-31.824341	10.302000
-42.893677	10.325000
-27.673340	10.348000
-29.748840	10.371000
-33.208008	10.394000
-24.214172	10.416000
-33.899841	10.440000
-23.522339	10.463000
-30.440674	10.487000
-30.440674	10.510000
-39.434509	10.533000
-17.295837	10.556000
-33.899841	10.579000
-17.295837	10.602000
-29.057007	10.624000
-37.359009	10.648000
-31.132507	10.671000
-35.283508	10.695000
-36.667175	10.718000
-34.591675	10.742000
-28.365173	10.765000
-29.748840	10.788000
-32.516174	10.811000
-31.132507	10.833000
-24.906006	10.857000
-22.830505	10.880000
-32.516174	10.904000
-21.446838	10.927000
-29.748840	10.950000
-27.673340	10.973000
-20.755005	10.996000
-27.673340	11.019000
-18.679504	11.041000
-31.132507	11.065000
-29.748840	11.088000
-26.981506	11.112000
-29.748840	11.135000
-23.522339	11.158000
-21.446838	11.181000
-32.516174	11.204000
-34.591675	11.227000
-29.748840	11.249000
-33.208008	11.273000
-31.824341	11.296000
-29.748840	11.320000
-40.818176	11.343000
-31.132507	11.367000
-29.748840	11.390000
-41.510010	11.413000
-31.824341	11.436000
-33.899841	11.458000
-35.975342	11.482000
-44.277344	11.505000
-27.673340	11.529000
-30.440674	11.552000
-25.597839	11.575000
-30.440674	11.598000
-28.365173	11.621000
-25.597839	11.644000
-27.673340	11.666000
-31.132507	11.690000
-37.359009	11.713000
-29.748840	11.737000
-24.214172	11.760000
-31.132507	11.783000
-35.975342	11.806000
-30.440674	11.829000
-26.981506	11.852000
-26.289673	11.874000
-34.591675	11.898000
-34.591675	11.921000
-31.824341	11.945000
-32.516174	11.968000
-31.132507	11.992000
-20.755005	12.015000
-40.126343	12.038000
-32.516174	12.061000
-17.295837	12.083000
-37.359009	12.107000
-29.748840	12.130000
-35.975342	12.154000
-35.283508	12.177000
-39.434509	12.200000
-29.057007	12.223000
-33.208008	12.246000
-33.899841	12.269000
-27.673340	12.291000
-33.208008	12.315000
-30.440674	12.338000
-32.516174	12.362000
-17.987671	12.385000
-32.516174	12.408000
-26.289673	12.431000
-29.748840	12.454000
-27.673340	12.477000
-26.289673	12.499000
-43.585510	12.523000
-31.132507	12.546000
-24.214172	12.570000
-26.981506	12.593000
-26.981506	12.617000
-38.050842	12.640000
-35.283508	12.663000
-24.906006	12.686000
-25.597839	12.708000
-26.289673	12.732000
-27.673340	12.755000
-40.818176	12.779000
-35.975342	12.802000
-26.289673	12.825000
-28.365173	12.848000
-25.597839	12.871000
-29.057007	12.894000
-29.057007	12.916000
-33.899841	12.940000
-31.132507	12.963000
-31.824341	12.987000
-26.289673	13.010000
-28.365173	13.033000
-18.679504	13.056000
-33.899841	13.079000
-29.057007	13.102000
-28.365173	13.124000
-25.597839	13.148000
-29.748840	13.171000
-28.365173	13.195000
-27.673340	13.218000
-31.824341	13.242000
-22.138672	13.265000
-29.057007	13.288000
-30.440674	13.311000
-29.057007	13.333000
-35.283508	13.357000
-16.604004	13.380000
-31.132507	13.404000
-29.748840	13.427000
-34.591675	13.450000
-29.748840	13.473000
-29.057007	13.496000
-31.132507	13.519000
-39.434509	13.541000
-25.597839	13.565000
-27.673340	13.588000
-33.208008	13.612000
-31.132507	13.635000
-31.132507	13.658000
-15.912170	13.681000
-37.359009	13.704000
-35.975342	13.727000
-33.208008	13.749000
-40.126343	13.773000
-33.899841	13.796000
-31.824341	13.820000
-28.365173	13.843000
-36.667175	13.867000
-28.365173	13.890000
-37.359009	13.913000
-30.440674	13.938000
-34.591675	13.961000
-31.824341	13.985000
-24.906006	14.008000
-30.440674	14.032000
-29.748840	14.055000
-26.981506	14.078000
-14.528503	14.101000
-21.446838	14.123000
-35.975342	14.147000
-34.591675	14.170000
-33.208008	14.194000
-25.597839	14.217000
-29.057007	14.241000
-33.208008	14.264000
-30.440674	14.287000
-26.981506	14.310000
-33.208008	14.332000
-26.981506	14.356000
-35.975342	14.379000
-25.597839	14.403000
-32.516174	14.426000
-27.673340	14.450000
-42.893677	14.473000
-31.824341	14.496000
-34.591675	14.519000
-29.057007	14.541000
-24.214172	14.565000
-22.138672	14.588000
-29.748840	14.612000
-29.748840	14.635000
-37.359009	14.658000
-37.359009	14.681000
-29.748840	14.704000
-24.906006	14.727000
-35.283508	14.749000
-38.050842	14.773000
-24.906006	14.796000
-32.516174	14.820000
-33.899841	14.843000
-29.057007	14.867000
-17.295837	14.890000
-26.981506	14.913000
-33.899841	14.936000
-26.289673	14.958000
-26.981506	14.982000
-31.132507	15.005000
-33.208008	15.029000
-28.365173	15.052000
-44.277344	15.075000
-35.283508	15.098000
-32.516174	15.121000
-30.440674	15.144000
-33.208008	15.166000
-36.667175	15.190000
-29.748840	15.213000
-31.132507	15.237000
-31.132507	15.260000
-20.755005	15.283000
-31.132507	15.306000
-31.132507	15.329000
-31.132507	15.352000
-29.057007	15.374000
-22.830505	15.398000
-25.597839	15.421000
-33.208008	15.445000
-26.981506	15.468000
-31.132507	15.492000
-34.591675	15.515000
-29.057007	15.538000
-29.748840	15.561000
-34.591675	15.583000
-41.510010	15.607000
-22.138672	15.630000
-26.981506	15.654000
-34.591675	15.677000
-32.516174	15.700000
-47.736511	15.723000
-36.667175	15.746000
-26.981506	15.769000
-35.283508	15.791000
-38.742676	15.815000
-33.208008	15.838000
-25.597839	15.862000
-33.899841	15.885000
-29.057007	15.908000
-19.371338	15.932000
-26.289673	15.955000
-26.981506	15.978000
-38.050842	16.000000
-22.138672	16.024000
-35.975342	16.047000
-29.748840	16.071000
-30.440674	16.094000
-29.057007	16.117000
-27.673340	16.140000
-26.981506	16.163000
-29.748840	16.186000
-29.748840	16.208000
-36.667175	16.232000
-22.138672	16.255000
-35.975342	16.279000
-31.132507	16.302000
-31.132507	16.325000
-39.434509	16.348000
-31.824341	16.371000
-31.824341	16.394000
-37.359009	16.416000
-28.365173	16.440000
-31.132507	16.463000
-29.057007	16.487000
-31.132507	16.510000
-33.899841	16.533000
-29.748840	16.556000
-40.126343	16.579000
-28.365173	16.602000
-29.057007	16.624000
-34.591675	16.648000
-26.289673	16.671000
-23.522339	16.695000
-34.591675	16.718000
-30.440674	16.742000
-22.830505	16.765000
-33.899841	16.788000
-32.516174	16.811000
-29.748840	16.833000
-28.365173	16.857000
-26.981506	16.880000
-31.132507	16.904000
-33.208008	16.927000
-31.824341	16.950000
-36.667175	16.973000
-33.899841	16.996000
-28.365173	17.019000
-31.824341	17.041000
-27.673340	17.065000
-26.289673	17.088000
-31.132507	17.112000
-27.673340	17.135000
-29.057007	17.158000
-31.132507	17.181000
-23.522339	17.204000
-31.824341	17.227000
-33.899841	17.249000
-32.516174	17.273000
-26.981506	17.296000
-35.283508	17.320000
-35.283508	17.343000
-32.516174	17.367000
-29.748840	17.390000
-31.132507	17.413000
-30.440674	17.436000
-35.975342	17.458000
-44.969177	17.482000
-46.352844	17.505000
-17.295837	17.529000
-33.899841	17.552000
-28.365173	17.575000
-20.063171	17.598000
-31.132507	17.621000
-33.208008	17.644000
-35.283508	17.666000
-36.667175	17.690000
-29.057007	17.713000
-31.132507	17.737000
-30.440674	17.760000
-28.365173	17.783000
-31.824341	17.806000
-39.434509	17.829000
-33.208008	17.852000
-32.516174	17.874000
-31.132507	17.898000
-29.748840	17.921000
-37.359009	17.945000
-25.597839	17.968000
-26.981506	17.992000
-33.208008	18.015000
-29.748840	18.038000
-33.208008	18.061000
-30.440674	18.083000
-31.824341	18.107000
-31.132507	18.130000
-26.289673	18.154000
-31.132507	18.177000
-31.132507	18.200000
-30.440674	18.223000
-28.365173	18.246000
-29.057007	18.269000
-23.522339	18.291000
-31.824341	18.315000
-11.761169	18.338000
-31.132507	18.362000
-28.365173	18.385000
-30.440674	18.408000
-33.899841	18.431000
-32.516174	18.454000
-29.748840	18.477000
-26.289673	18.499000
-34.591675	18.523000
-29.057007	18.546000
-27.673340	18.570000
-27.673340	18.593000
-30.440674	18.617000
-40.126343	18.640000
-40.818176	18.663000
-14.528503	18.686000
-20.063171	18.708000
-47.044678	18.732000
-39.434509	18.755000
-29.057007	18.779000
-28.365173	18.802000
-35.975342	18.825000
-26.981506	18.848000
-25.597839	18.871000
-33.899841	18.894000
-26.981506	18.916000
-32.516174	18.940000
-28.365173	18.963000
-31.824341	18.987000
-26.981506	19.010000
-32.516174	19.033000
-26.981506	19.056000
-24.214172	19.079000
-32.516174	19.102000
-31.132507	19.124000
-33.899841	19.148000
-40.818176	19.171000
-34.591675	19.195000
-29.748840	19.218000
-29.748840	19.242000
-38.050842	19.265000
-40.126343	19.288000
-33.899841	19.311000
-44.969177	19.333000
-29.748840	19.357000
-36.667175	19.380000
-35.283508	19.404000
-24.906006	19.427000
-30.440674	19.450000
-31.132507	19.473000
-33.208008	19.496000
-33.899841	19.519000
-26.981506	19.541000
-26.289673	19.565000
-44.277344	19.588000
-36.667175	19.612000
-33.899841	19.635000
-32.516174	19.658000
-31.824341	19.681000
-35.283508	19.704000
-26.981506	19.727000
-38.742676	19.749000
-22.830505	19.773000
-35.283508	19.796000
-30.440674	19.820000
-26.289673	19.844000
-27.673340	19.867000
-27.673340	19.890000
-33.899841	19.913000
-29.057007	19.936000
-32.516174	19.958000
-27.673340	19.982000
-29.057007	20.005000
-31.824341	20.029000
-29.748840	20.052000
-23.522339	20.075000
-27.673340	20.098000
-31.824341	20.121000
-30.440674	20.144000
-36.667175	20.166000
-30.440674	20.190000
-26.981506	20.213000
-40.818176	20.237000
-28.365173	20.260000
-31.824341	20.283000
-22.138672	20.306000
-17.987671	20.329000
-25.597839	20.352000
-33.208008	20.374000
-31.824341	20.398000
-31.824341	20.421000
-28.365173	20.445000
-30.440674	20.468000
-33.208008	20.492000
-27.673340	20.515000
-32.516174	20.538000
-38.050842	20.561000
-29.057007	20.583000
-34.591675	20.607000
-32.516174	20.630000
-27.673340	20.654000
-34.591675	20.677000
-25.597839	20.700000
-34.591675	20.723000
-35.975342	20.746000
-33.899841	20.769000
-28.365173	20.791000
-31.132507	20.815000
-29.748840	20.838000
-31.132507	20.862000
-17.295837	20.885000
-25.597839	20.908000
-23.522339	20.931000
-38.050842	20.954000
-29.748840	20.977000
-29.057007	20.999000
-31.824341	21.023000
-32.516174	21.046000
-33.208008	21.070000
-28.365173	21.093000
-36.667175	21.117000
-32.516174	21.140000
-44.969177	21.163000
-33.208008	21.186000
-35.975342	21.208000
-29.748840	21.232000
-23.522339	21.255000
-29.057007	21.279000
-27.673340	21.302000
-31.132507	21.325000
-29.748840	21.348000
-13.836670	21.371000
-20.063171	21.394000
-34.591675	21.416000
-29.748840	21.440000
-20.063171	21.463000
-20.755005	21.487000
-33.208008	21.510000
-28.365173	21.533000
-29.057007	21.556000
-26.981506	21.579000
-30.440674	21.602000
-33.899841	21.624000
-28.365173	21.648000
-38.742676	21.671000
-31.824341	21.695000
-31.132507	21.718000
-29.748840	21.742000
-16.604004	21.765000
-25.597839	21.788000
-26.289673	21.811000
-28.365173	21.833000
-24.906006	21.857000
-33.208008	21.880000
-30.440674	21.904000
-25.597839	21.927000
-28.365173	21.950000
-31.132507	21.973000
-29.057007	21.996000
-24.214172	22.019000
-31.132507	22.041000
-34.591675	22.065000
-24.906006	22.088000
-24.906006	22.112000
-31.824341	22.135000
-32.516174	22.158000
-31.824341	22.181000
-26.981506	22.204000
-34.591675	22.227000
-27.673340	22.249000
-46.352844	22.273000
-30.440674	22.296000
-34.591675	22.320000
-33.899841	22.343000
-29.748840	22.367000
-42.201843	22.390000
-27.673340	22.413000
-29.748840	22.436000
-31.132507	22.458000
-31.132507	22.482000
-28.365173	22.505000
-45.661011	22.529000
-30.440674	22.552000
-29.748840	22.575000
-22.830505	22.598000
-42.201843	22.621000
-26.289673	22.644000
-29.748840	22.666000
-29.748840	22.690000
-45.661011	22.713000
-31.824341	22.737000
-29.748840	22.760000
-34.591675	22.783000
-29.057007	22.806000
-35.975342	22.829000
-24.214172	22.852000
-30.440674	22.874000
-27.673340	22.898000
-32.516174	22.921000
-29.748840	22.945000
-29.057007	22.968000
-34.591675	22.992000
-32.516174	23.015000
-31.824341	23.038000
-16.604004	23.061000
-28.365173	23.083000
-32.516174	23.107000
-26.289673	23.130000
-23.522339	23.154000
-32.516174	23.177000
-28.365173	23.200000
-24.214172	23.223000
-33.208008	23.246000
-17.295837	23.269000
-26.981506	23.292000
-33.899841	23.316000
-37.359009	23.339000
-29.748840	23.363000
-30.440674	23.386000
-29.748840	23.409000
-31.132507	23.432000
-29.748840	23.455000
-31.824341	23.478000
-34.591675	23.500000
-24.214172	23.524000
-31.824341	23.547000
-34.591675	23.571000
-31.132507	23.594000
-22.138672	23.617000
-29.057007	23.640000
-37.359009	23.663000
-26.289673	23.686000
-38.742676	23.708000
-26.981506	23.732000
-35.975342	23.755000
-33.899841	23.779000
-31.824341	23.802000
-30.440674	23.825000
-26.981506	23.848000
-34.591675	23.871000
-30.440674	23.894000
-31.132507	23.916000
-30.440674	23.940000
-31.132507	23.963000
-26.981506	23.987000
-24.214172	24.010000
-35.283508	24.033000
-25.597839	24.056000
-29.057007	24.079000
-27.673340	24.102000
-28.365173	24.124000
-30.440674	24.148000
-31.824341	24.171000
-38.742676	24.195000
-31.132507	24.218000
-33.899841	24.242000
-29.748840	24.265000
-55.346680	24.288000
-32.516174	24.311000
-33.208008	24.333000
-31.132507	24.357000
-31.824341	24.380000
-38.742676	24.404000
-29.057007	24.427000
-31.132507	24.450000
-33.899841	24.473000
-33.899841	24.496000
-20.063171	24.519000
-28.365173	24.542000
-46.352844	24.566000
-29.748840	24.589000
-31.824341	24.613000
-48.428345	24.636000
-22.138672	24.659000
-31.132507	24.682000
-33.208008	24.705000
-33.899841	24.728000
-19.371338	24.750000
-33.899841	24.774000
-45.661011	24.797000
-27.673340	24.821000
-35.975342	24.844000
-14.528503	24.867000
-35.283508	24.890000
-40.126343	24.913000
-33.208008	24.936000
-20.755005	24.958000
-28.365173	24.982000
-35.283508	25.005000
-31.132507	25.029000
-25.597839	25.052000
-31.132507	25.075000
-24.214172	25.098000
-32.516174	25.121000
-27.673340	25.144000
-25.597839	25.166000
-33.899841	25.190000
-27.673340	25.213000
-31.132507	25.237000
-30.440674	25.260000
-24.214172	25.283000
-24.906006	25.306000
-31.824341	25.329000
-32.516174	25.352000
-29.748840	25.374000
-35.975342	25.398000
-42.893677	25.421000
-22.830505	25.445000
-24.214172	25.468000
-29.748840	25.492000
-26.289673	25.515000
-19.371338	25.538000
-30.440674	25.561000
-30.440674	25.583000
-33.208008	25.607000
-29.057007	25.632000
-31.824341	25.656000
-30.440674	25.681000
-33.208008	25.705000
-27.673340	25.728000
-31.132507	25.750000
-29.057007	25.774000
-17.295837	25.797000
-36.667175	25.821000
-29.748840	25.844000
-31.824341	25.867000
-29.057007	25.890000
-26.981506	25.913000
-25.597839	25.936000
-23.522339	25.958000
-30.440674	25.982000
-29.748840	26.005000
-29.748840	26.029000
-33.899841	26.052000
-22.830505	26.075000
-32.516174	26.098000
-36.667175	26.121000
-25.597839	26.144000
-28.365173	26.166000
-29.748840	26.190000
-34.591675	26.213000
-29.748840	26.237000
-34.591675	26.260000
-34.591675	26.283000
-28.365173	26.306000
-38.050842	26.329000
-45.661011	26.352000
-29.057007	26.374000
-27.673340	26.398000
-30.440674	26.421000
-22.830505	26.445000
-42.201843	26.468000
-35.975342	26.492000
-24.214172	26.515000
-33.208008	26.538000
-33.899841	26.561000
-26.981506	26.583000
-31.824341	26.607000
-33.208008	26.630000
-31.824341	26.654000
-35.283508	26.677000
-31.824341	26.700000
-31.132507	26.723000
-27.673340	26.746000
-27.673340	26.769000
-27.673340	26.791000
-44.969177	26.815000
-26.981506	26.838000
-31.132507	26.862000
-33.208008	26.885000
-29.748840	26.908000
-31.824341	26.931000
-33.208008	26.954000
-31.824341	26.977000
-33.899841	26.999000
-27.673340	27.023000
-29.748840	27.046000
-32.516174	27.070000
-33.208008	27.093000
-33.208008	27.117000
-33.899841	27.140000
-30.440674	27.163000
-26.289673	27.186000
-26.981506	27.208000
-17.987671	27.232000
-29.057007	27.255000
-30.440674	27.279000
-32.516174	27.302000
-27.673340	27.325000
-33.899841	27.348000
-24.906006	27.371000
-32.516174	27.394000
-25.597839	27.416000
-29.748840	27.440000
-37.359009	27.463000
-29.057007	27.487000
-32.516174	27.510000
-29.748840	27.533000
-30.440674	27.556000
-37.359009	27.579000
-34.591675	27.602000
-24.214172	27.624000
-29.748840	27.648000
-34.591675	27.671000
-33.208008	27.695000
-30.440674	27.718000
-33.208008	27.742000
-31.132507	27.765000
-30.440674	27.788000
-26.981506	27.811000
-21.446838	27.833000
-25.597839	27.857000
-26.981506	27.880000
-35.283508	27.904000
-22.830505	27.927000
-26.981506	27.950000
-31.824341	27.973000
-32.516174	27.996000
-35.975342	28.019000
-30.440674	28.041000
-31.824341	28.065000
-27.673340	28.088000
-32.516174	28.112000
-19.371338	28.135000
-31.824341	28.158000
-38.742676	28.181000
-33.899841	28.204000
-25.597839	28.227000
-21.446838	28.249000
-33.899841	28.273000
-30.440674	28.296000
-33.899841	28.320000
-31.132507	28.343000
-42.201843	28.367000
-34.591675	28.390000
-31.132507	28.413000
-31.132507	28.436000
-43.585510	28.458000
-42.893677	28.482000
-31.132507	28.505000
-30.440674	28.529000
-41.510010	28.552000
-38.050842	28.575000
-31.132507	28.598000
-32.516174	28.621000
-30.440674	28.644000
-30.440674	28.666000
-31.824341	28.690000
-33.208008	28.713000
-33.208008	28.737000
-35.283508	28.760000
-42.893677	28.783000
-33.899841	28.806000
-30.440674	28.829000
-35.283508	28.852000
-26.289673	28.874000
-31.132507	28.898000
-32.516174	28.921000
-27.673340	28.945000
-29.748840	28.968000
-32.516174	28.992000
-29.748840	29.015000
-27.673340	29.038000
-42.201843	29.061000
-36.667175	29.083000
-26.981506	29.107000
-33.899841	29.130000
-31.132507	29.154000
-30.440674	29.177000
-28.365173	29.200000
-29.057007	29.223000
-33.899841	29.246000
-29.748840	29.269000
-34.591675	29.291000
-32.516174	29.315000
-26.981506	29.338000
-32.516174	29.362000
-29.748840	29.385000
-23.522339	29.408000
-26.981506	29.431000
-23.522339	29.454000
-29.748840	29.477000
-43.585510	29.499000
-31.824341	29.523000
-20.063171	29.546000
-33.208008	29.570000
-19.371338	29.593000
-26.981506	29.617000
-22.830505	29.640000
-26.981506	29.663000
-25.597839	29.686000
-22.138672	29.708000
-23.522339	29.732000
-25.597839	29.755000
-26.289673	29.779000
-25.597839	29.802000
-34.591675	29.825000
-22.138672	29.848000
-29.057007	29.871000
-31.824341	29.894000
-26.289673	29.916000
-23.522339	29.940000
-24.214172	29.963000
-24.214172	29.987000
-21.446838	30.010000
-18.679504	30.033000
-21.446838	30.056000
-26.981506	30.079000
-20.063171	30.102000
-15.912170	30.124000
-26.981506	30.148000
-20.063171	30.171000
-23.522339	30.195000
-19.371338	30.218000
-7.610168	30.242000
-17.295837	30.265000
-20.755005	30.288000
-11.761169	30.311000
-19.371338	30.333000
-19.371338	30.357000
-17.987671	30.380000
-17.987671	30.404000
-6.918335	30.427000
-17.987671	30.450000
-13.144836	30.473000
-21.446838	30.496000
-22.138672	30.519000
-8.993835	30.541000
-14.528503	30.565000
-16.604004	30.588000
-14.528503	30.612000
-9.685669	30.635000
-11.069336	30.658000
-8.993835	30.681000
-11.761169	30.704000
-11.761169	30.727000
-5.534668	30.749000
-20.755005	30.773000
-15.220337	30.796000
-5.534668	30.820000
-15.912170	30.843000
-8.993835	30.867000
-5.534668	30.890000
-9.685669	30.913000
-4.151001	30.936000
-12.453003	30.958000
-9.685669	30.982000
-13.144836	31.005000
-11.761169	31.029000
-7.610168	31.052000
-4.842834	31.075000
-4.842834	31.098000
-11.069336	31.121000
-6.226501	31.144000
-6.918335	31.166000
-8.302002	31.190000
-7.610168	31.213000
-13.144836	31.237000
-6.226501	31.260000
-8.302002	31.283000
-2.075500	31.306000
-2.767334	31.329000
-2.075500	31.352000
-9.685669	31.374000
2.075500	31.398000
0.000000	31.421000
0.000000	31.445000
-15.912170	31.468000
-2.767334	31.492000
-4.151001	31.515000
-2.075500	31.538000
2.767334	31.561000
3.459167	31.583000
2.767334	31.607000
-4.151001	31.630000
-2.075500	31.654000
10.377502	31.677000
0.000000	31.700000
3.459167	31.723000
-3.459167	31.746000
1.383667	31.769000
2.767334	31.791000
3.459167	31.815000
0.691833	31.838000
0.691833	31.862000
-0.691833	31.885000
-0.691833	31.908000
15.220337	31.932000
-14.528503	31.955000
3.459167	31.978000
2.767334	32.000000
10.377502	32.024000
8.993835	32.047000
6.918335	32.071000
10.377502	32.094000
5.534668	32.117000
8.993835	32.140000
17.987671	32.163000
7.610168	32.186000
14.528503	32.208000
11.761169	32.232000
15.220337	32.255000
11.069336	32.279000
13.144836	32.302000
15.220337	32.325000
26.981506	32.348000
15.220337	32.371000
24.906006	32.394000
20.063171	32.416000
13.836670	32.440000
24.214172	32.463000
17.987671	32.487000
22.138672	32.510000
20.063171	32.533000
14.528503	32.556000
22.830505	32.579000
20.063171	32.602000
31.132507	32.624000
4.842834	32.648000
22.830505	32.671000
23.522339	32.695000
24.214172	32.718000
24.214172	32.742000
24.214172	32.765000
24.906006	32.788000
8.993835	32.811000
25.597839	32.833000
20.755005	32.857000
40.126343	32.880000
26.289673	32.904000
40.818176	32.927000
24.906006	32.950000
35.975342	32.973000
20.755005	32.996000
24.906006	33.019000
27.673340	33.041000
36.667175	33.065000
27.673340	33.088000
29.748840	33.112000
35.283508	33.135000
30.440674	33.158000
21.446838	33.181000
30.440674	33.204000
39.434509	33.227000
38.050842	33.249000
35.975342	33.273000
30.440674	33.296000
37.359009	33.320000
29.748840	33.343000
43.585510	33.367000
40.818176	33.390000
33.208008	33.413000
36.667175	33.436000
43.585510	33.458000
33.208008	33.482000
34.591675	33.505000
32.516174	33.529000
47.044678	33.552000
33.899841	33.575000
38.050842	33.598000
38.742676	33.621000
38.050842	33.644000
40.126343	33.666000
42.201843	33.690000
39.434509	33.713000
40.126343	33.737000
32.516174	33.760000
43.585510	33.783000
49.812012	33.806000
51.195679	33.829000
41.510010	33.852000
53.271179	33.874000
42.201843	33.898000
43.585510	33.921000
42.201843	33.945000
55.346680	33.968000
42.201843	33.992000
49.812012	34.015000
51.887512	34.038000
45.661011	34.061000
52.579346	34.083000
43.585510	34.107000
39.434509	34.130000
50.503845	34.154000
45.661011	34.177000
49.120178	34.200000
51.887512	34.223000
50.503845	34.246000
53.963013	34.269000
49.812012	34.291000
43.585510	34.315000
49.812012	34.338000
54.654846	34.362000
47.736511	34.385000
54.654846	34.408000
53.963013	34.431000
53.271179	34.454000
60.189514	34.477000
53.271179	34.499000
49.812012	34.523000
58.114014	34.546000
57.422180	34.570000
58.805847	34.593000
71.258850	34.617000
65.032349	34.640000
59.497681	34.663000
62.956848	34.686000
67.107849	34.708000
50.503845	34.732000
61.573181	34.755000
62.265015	34.779000
65.032349	34.802000
62.265015	34.825000
67.799683	34.848000
63.648682	34.871000
64.340515	34.894000
61.573181	34.916000
65.032349	34.940000
73.334351	34.963000
65.032349	34.987000
58.805847	35.010000
56.730347	35.033000
76.101685	35.056000
65.032349	35.079000
67.107849	35.102000
70.567017	35.124000
67.107849	35.148000
65.032349	35.171000
70.567017	35.195000
70.567017	35.218000
71.950684	35.242000
79.560852	35.265000
63.648682	35.288000
67.799683	35.311000
68.491516	35.333000
69.875183	35.357000
77.485352	35.380000
66.416016	35.404000
69.183350	35.427000
79.560852	35.450000
67.799683	35.473000
73.334351	35.496000
76.793518	35.519000
77.485352	35.541000
78.869019	35.565000
79.560852	35.588000
79.560852	35.612000
87.862854	35.635000
78.869019	35.658000
76.793518	35.681000
83.711853	35.704000
84.403687	35.727000
78.177185	35.749000
85.095520	35.773000
91.322021	35.796000
83.711853	35.820000
85.787354	35.843000
83.020020	35.867000
80.944519	35.890000
94.089355	35.913000
71.950684	35.938000
87.171021	35.961000
89.246521	35.985000
85.787354	36.008000
89.246521	36.032000
90.630188	36.055000
86.479187	36.078000
85.095520	36.101000
103.775024	36.123000
79.560852	36.147000
89.246521	36.170000
87.171021	36.194000
85.095520	36.217000
98.932190	36.241000
87.862854	36.264000
86.479187	36.287000
91.322021	36.310000
94.781189	36.332000
90.630188	36.356000
89.938354	36.379000
93.397522	36.403000
94.781189	36.426000
102.391357	36.450000
94.089355	36.473000
101.007690	36.496000
97.548523	36.519000
98.932190	36.541000
107.926025	36.565000
105.158691	36.588000
93.397522	36.612000
97.548523	36.635000
116.228027	36.658000
105.850525	36.681000
101.699524	36.704000
101.007690	36.727000
104.466858	36.749000
99.624023	36.773000
103.775024	36.796000
107.926025	36.820000
99.624023	36.843000
98.932190	36.867000
102.391357	36.890000
99.624023	36.913000
103.083191	36.936000
106.542358	36.958000
107.234192	36.982000
112.077026	37.005000
106.542358	37.029000
106.542358	37.052000
108.617859	37.075000
107.926025	37.098000
106.542358	37.121000
112.077026	37.144000
105.158691	37.166000
112.077026	37.190000
110.001526	37.213000
105.158691	37.237000
108.617859	37.260000
126.605530	37.283000
116.228027	37.306000
101.007690	37.329000
118.995361	37.352000
114.152527	37.374000
115.536194	37.398000
116.228027	37.421000
118.303528	37.445000
119.687195	37.468000
117.611694	37.492000
131.448364	37.515000
124.530029	37.538000
117.611694	37.561000
117.611694	37.583000
124.530029	37.607000
126.605530	37.630000
118.995361	37.654000
112.077026	37.677000
116.228027	37.700000
134.907532	37.723000
121.762695	37.746000
131.448364	37.769000
123.838196	37.791000
121.762695	37.815000
122.454529	37.838000
112.768860	37.862000
123.838196	37.885000
126.605530	37.908000
136.983032	37.931000
127.989197	37.954000
133.523865	37.977000
128.681030	37.999000
132.832031	38.023000
134.907532	38.046000
133.523865	38.070000
125.221863	38.093000
135.599365	38.117000
127.989197	38.140000
151.511536	38.163000
139.750366	38.186000
139.058533	38.208000
143.209534	38.232000
131.448364	38.255000
143.901367	38.279000
134.907532	38.302000
132.140198	38.325000
139.058533	38.348000
136.983032	38.371000
139.750366	38.394000
143.209534	38.416000
141.134033	38.440000
130.756531	38.463000
130.756531	38.487000
143.901367	38.510000
150.127869	38.533000
142.517700	38.556000
157.046204	38.579000
147.360535	38.602000
154.970703	38.624000
150.819702	38.648000
142.517700	38.671000
142.517700	38.695000
141.134033	38.718000
147.360535	38.742000
135.599365	38.765000
146.668701	38.788000
149.436035	38.811000
148.744202	38.833000
154.278870	38.857000
153.587036	38.880000
145.285034	38.904000
157.046204	38.927000
134.215698	38.950000
151.511536	38.973000
156.354370	38.996000
149.436035	39.019000
141.134033	39.041000
152.203369	39.065000
140.442200	39.088000
148.744202	39.112000
148.744202	39.135000
150.127869	39.158000
147.360535	39.181000
152.895203	39.204000
152.895203	39.227000
161.889038	39.249000
155.662537	39.273000
157.738037	39.296000
152.895203	39.320000
161.197205	39.343000
159.121704	39.367000
161.889038	39.390000
150.819702	39.413000
161.197205	39.436000
159.813538	39.458000
156.354370	39.482000
160.505371	39.505000
157.738037	39.529000
161.197205	39.552000
165.348206	39.575000
159.121704	39.598000
161.197205	39.621000
156.354370	39.644000
157.738037	39.666000
159.121704	39.690000
166.731873	39.713000
172.958374	39.737000
166.731873	39.760000
166.040039	39.783000
166.731873	39.806000
172.958374	39.829000
167.423706	39.852000
158.429871	39.874000
182.644043	39.898000
166.731873	39.921000
170.191040	39.945000
168.807373	39.968000
163.272705	39.992000
173.650208	40.015000
170.191040	40.038000
168.807373	40.061000
174.342041	40.083000
179.876709	40.107000
174.342041	40.130000
173.650208	40.154000
181.260376	40.177000
177.801208	40.200000
165.348206	40.223000
181.952209	40.246000
176.417542	40.269000
181.260376	40.291000
163.964539	40.315000
180.568542	40.338000
189.562378	40.362000
177.801208	40.385000
179.184875	40.408000
179.876709	40.431000
179.184875	40.454000
181.260376	40.477000
184.027710	40.499000
175.033875	40.523000
190.254211	40.546000
193.713379	40.570000
184.027710	40.593000
182.644043	40.617000
177.109375	40.640000
193.713379	40.663000
179.184875	40.686000
180.568542	40.708000
190.254211	40.732000
193.021545	40.755000
190.946045	40.779000
188.178711	40.802000
190.254211	40.825000
193.713379	40.848000
206.166382	40.871000
182.644043	40.894000
193.021545	40.916000
202.707214	40.940000
188.870544	40.963000
187.486877	40.987000
190.946045	41.010000
190.946045	41.033000
206.858215	41.056000
189.562378	41.079000
190.254211	41.102000
195.097046	41.124000
206.858215	41.148000
203.399048	41.171000
197.864380	41.195000
199.939880	41.218000
202.015381	41.242000
193.021545	41.265000
204.090881	41.288000
199.248047	41.311000
204.782715	41.333000
205.474548	41.357000
208.933716	41.380000
204.090881	41.404000
208.241882	41.427000
208.933716	41.450000
211.009216	41.473000
222.078552	41.496000
208.933716	41.519000
208.241882	41.541000
210.317383	41.565000
219.311218	41.588000
205.474548	41.612000
209.625549	41.635000
212.392883	41.658000
216.543884	41.681000
207.550049	41.704000
210.317383	41.727000
211.701050	41.749000
213.084717	41.773000
212.392883	41.796000
222.770386	41.820000
217.927551	41.843000
213.084717	41.867000
220.003052	41.890000
221.386719	41.913000
218.619385	41.938000
215.852051	41.961000
219.311218	41.985000
217.927551	42.008000
215.160217	42.032000
218.619385	42.055000
215.160217	42.078000
216.543884	42.101000
216.543884	42.123000
208.933716	42.147000
213.084717	42.170000
224.154053	42.194000
217.927551	42.217000
220.694885	42.241000
222.770386	42.264000
224.154053	42.287000
219.311218	42.310000
208.241882	42.332000
223.462219	42.356000
213.084717	42.379000
226.921387	42.403000
219.311218	42.426000
222.078552	42.450000
215.160217	42.473000
219.311218	42.496000
239.374390	42.519000
227.613220	42.541000
228.996887	42.565000
226.921387	42.588000
235.223389	42.612000
236.607056	42.635000
224.845886	42.658000
213.776550	42.681000
235.223389	42.704000
233.147888	42.727000
231.764221	42.749000
242.141724	42.773000
229.688721	42.796000
239.374390	42.820000
234.531555	42.843000
234.531555	42.867000
232.456055	42.890000
240.066223	42.913000
238.682556	42.936000
235.915222	42.958000
233.147888	42.982000
248.368225	43.005000
247.676392	43.029000
241.449890	43.052000
239.374390	43.075000
246.984558	43.098000
250.443726	43.121000
244.217224	43.144000
239.374390	43.166000
240.066223	43.190000
240.758057	43.213000
246.984558	43.237000
238.682556	43.260000
247.676392	43.283000
246.984558	43.306000
246.292725	43.329000
243.525391	43.352000
242.141724	43.374000
247.676392	43.398000
252.519226	43.421000
240.758057	43.445000
239.374390	43.468000
240.758057	43.492000
248.368225	43.515000
249.751892	43.538000
259.437561	43.561000
249.060059	43.583000
244.217224	43.607000
265.664062	43.630000
249.751892	43.654000
253.902893	43.677000
249.751892	43.700000
252.519226	43.723000
268.431396	43.746000
260.821228	43.769000
255.978394	43.791000
255.978394	43.815000
255.286560	43.838000
253.211060	43.862000
259.437561	43.885000
251.135559	43.908000
256.670227	43.932000
255.978394	43.956000
262.896729	43.980000
267.047729	44.003000
253.211060	44.027000
271.198730	44.050000
261.513062	44.074000
260.129395	44.097000
262.204895	44.120000
267.047729	44.143000
263.588562	44.165000
269.815063	44.189000
264.280396	44.212000
267.047729	44.236000
270.506897	44.259000
266.355896	44.283000
276.733398	44.306000
269.815063	44.329000
262.204895	44.352000
264.972229	44.374000
265.664062	44.398000
276.041565	44.421000
280.884399	44.445000
271.890564	44.468000
264.972229	44.492000
264.972229	44.515000
267.047729	44.538000
265.664062	44.561000
271.198730	44.583000
269.123230	44.607000
269.815063	44.630000
271.198730	44.654000
270.506897	44.677000
270.506897	44.700000
272.582397	44.723000
276.733398	44.746000
269.815063	44.769000
269.123230	44.791000
269.123230	44.815000
264.972229	44.838000
272.582397	44.862000
280.884399	44.885000
272.582397	44.908000
280.192566	44.931000
278.117065	44.954000
285.727234	44.977000
280.884399	44.999000
279.500732	45.023000
278.808899	45.046000
278.808899	45.070000
277.425232	45.093000
291.261902	45.117000
282.959900	45.140000
295.412903	45.163000
283.651733	45.186000
278.808899	45.208000
287.110901	45.232000
302.331238	45.255000
279.500732	45.279000
289.878235	45.302000
295.412903	45.325000
283.651733	45.348000
295.412903	45.371000
298.180237	45.394000
295.412903	45.416000
291.953735	45.440000
294.721069	45.463000
291.953735	45.487000
298.180237	45.510000
291.261902	45.533000
294.029236	45.556000
290.570068	45.579000
304.406738	45.602000
297.488403	45.624000
294.721069	45.648000
306.482239	45.671000
308.557739	45.695000
296.104736	45.718000
301.639404	45.742000
302.331238	45.765000
298.872070	45.788000
297.488403	45.811000
298.180237	45.833000
301.639404	45.857000
300.255737	45.880000
301.639404	45.904000
299.563904	45.927000
302.331238	45.950000
297.488403	45.973000
294.721069	45.996000
300.255737	46.019000
304.406738	46.041000
301.639404	46.065000
300.947571	46.088000
305.098572	46.112000
312.708740	46.135000
303.714905	46.158000
308.557739	46.181000
305.790405	46.204000
304.406738	46.227000
300.255737	46.249000
310.633240	46.273000
305.098572	46.296000
299.563904	46.320000
308.557739	46.343000
307.865906	46.367000
300.947571	46.390000
303.714905	46.413000
327.237244	46.436000
318.935242	46.458000
311.325073	46.482000
313.400574	46.505000
315.476074	46.529000
321.702576	46.552000
318.935242	46.575000
321.702576	46.598000
311.325073	46.621000
323.778076	46.644000
321.010742	46.666000
319.627075	46.690000
309.941406	46.713000
316.859741	46.737000
318.935242	46.760000
320.318909	46.783000
315.476074	46.806000
320.318909	46.829000
322.394409	46.852000
330.696411	46.874000
317.551575	46.898000
332.771912	46.921000
321.702576	46.945000
332.080078	46.968000
323.778076	46.992000
329.312744	47.015000
323.086243	47.038000
321.702576	47.061000
320.318909	47.083000
322.394409	47.107000
325.161743	47.130000
323.086243	47.154000
326.545410	47.177000
330.696411	47.200000
323.778076	47.223000
328.620911	47.246000
333.463745	47.269000
337.614746	47.291000
336.922913	47.315000
330.004578	47.338000
331.388245	47.362000
330.004578	47.385000
334.847412	47.408000
332.080078	47.431000
335.539246	47.454000
326.545410	47.477000
342.457581	47.499000
336.922913	47.523000
334.155579	47.546000
336.231079	47.570000
334.155579	47.593000
341.765747	47.617000
333.463745	47.640000
337.614746	47.663000
334.847412	47.686000
353.526917	47.708000
341.073914	47.732000
345.916748	47.755000
343.841248	47.779000
334.847412	47.802000
327.237244	47.825000
339.690247	47.848000
338.306580	47.871000
342.457581	47.894000
341.073914	47.916000
345.224915	47.940000
336.922913	47.963000
335.539246	47.987000
343.841248	48.010000
354.218750	48.033000
347.992249	48.056000
348.684082	48.079000
354.218750	48.102000
353.526917	48.124000
345.224915	48.148000
349.375916	48.171000
352.143250	48.195000
352.835083	48.218000
359.061584	48.242000
344.533081	48.265000
352.835083	48.288000
371.514587	48.311000
360.445251	48.333000
362.520752	48.357000
356.294250	48.380000
354.218750	48.404000
349.375916	48.427000
367.363586	48.450000
359.061584	48.473000
361.137085	48.496000
358.369751	48.519000
360.445251	48.541000
361.828918	48.565000
364.596252	48.588000
359.753418	48.612000
344.533081	48.635000
359.753418	48.658000
368.055420	48.681000
364.596252	48.704000
365.288086	48.727000
359.753418	48.749000
365.979919	48.773000
360.445251	48.796000
364.596252	48.820000
357.677917	48.843000
361.828918	48.867000
368.055420	48.890000
371.514587	48.913000
363.212585	48.936000
370.130920	48.958000
365.288086	48.982000
371.514587	49.005000
371.514587	49.029000
363.904419	49.052000
357.677917	49.075000
365.979919	49.098000
366.671753	49.121000
368.747253	49.144000
366.671753	49.166000
372.206421	49.190000
370.130920	49.213000
366.671753	49.237000
382.583923	49.260000
370.130920	49.283000
372.898254	49.306000
370.822754	49.329000
371.514587	49.352000
371.514587	49.374000
377.049255	49.398000
370.822754	49.421000
375.665588	49.445000
370.130920	49.468000
372.898254	49.492000
365.288086	49.515000
376.357422	49.538000
381.200256	49.561000
378.432922	49.584000
379.816589	49.608000
386.734924	49.631000
379.816589	49.655000
380.508423	49.678000
392.269592	49.701000
383.967590	49.724000
384.659424	49.747000
380.508423	49.771000
368.747253	49.794000
391.577759	49.818000
383.275757	49.841000
381.200256	49.865000
385.351257	49.888000
379.816589	49.911000
386.734924	49.934000
386.043091	49.957000
392.961426	49.981000
387.426758	50.004000
388.810425	50.028000
381.892090	50.051000
392.961426	50.075000
381.200256	50.098000
388.118591	50.121000
389.502258	50.144000
395.036926	50.166000
389.502258	50.190000
396.420593	50.213000
395.036926	50.237000
394.345093	50.260000
385.351257	50.283000
395.036926	50.306000
393.653259	50.329000
392.269592	50.352000
401.263428	50.374000
381.892090	50.398000
401.955261	50.421000
389.502258	50.445000
399.879761	50.468000
401.955261	50.492000
400.571594	50.515000
405.414429	50.538000
400.571594	50.561000
412.332764	50.583000
393.653259	50.607000
398.496094	50.630000
403.338928	50.654000
401.955261	50.677000
408.181763	50.700000
410.257263	50.723000
405.414429	50.746000
393.653259	50.769000
401.263428	50.791000
402.647095	50.815000
408.873596	50.838000
408.181763	50.862000
401.955261	50.885000
410.949097	50.908000
408.181763	50.931000
410.257263	50.954000
406.798096	50.977000
417.867432	50.999000
407.489929	51.023000
413.716431	51.046000
415.791931	51.070000
412.332764	51.093000
404.722595	51.117000
417.175598	51.140000
406.106262	51.163000
413.024597	51.186000
409.565430	51.208000
408.873596	51.232000
408.181763	51.255000
417.175598	51.279000
423.402100	51.302000
414.408264	51.325000
413.024597	51.348000
415.791931	51.371000
415.100098	51.394000
406.798096	51.416000
410.257263	51.440000
417.867432	51.463000
415.100098	51.487000
416.483765	51.510000
421.326599	51.533000
424.785767	51.556000
417.867432	51.579000
421.326599	51.602000
425.477600	51.624000
423.402100	51.648000
424.093933	51.671000
423.402100	51.695000
427.553101	51.718000
424.785767	51.742000
423.402100	51.765000
422.018433	51.788000
424.093933	51.811000
424.093933	51.833000
422.710266	51.857000
425.477600	51.880000
423.402100	51.904000
423.402100	51.927000
428.936768	51.950000
432.395935	51.973000
430.320435	51.996000
437.238770	52.019000
431.012268	52.041000
440.697937	52.065000
427.553101	52.088000
428.244934	52.112000
427.553101	52.135000
435.163269	52.158000
430.320435	52.181000
426.169434	52.204000
435.163269	52.227000
437.238770	52.249000
428.244934	52.273000
435.855103	52.296000
442.773437	52.320000
421.326599	52.343000
442.773437	52.367000
431.704102	52.390000
442.081604	52.413000
435.855103	52.436000
440.006104	52.458000
444.157104	52.482000
440.697937	52.505000
438.622437	52.529000
437.930603	52.552000
436.546936	52.575000
444.157104	52.598000
438.622437	52.621000
441.389771	52.644000
438.622437	52.666000
422.710266	52.690000
440.006104	52.713000
442.773437	52.737000
445.540771	52.760000
448.999939	52.783000
448.999939	52.806000
447.616272	52.829000
451.075439	52.852000
448.308105	52.874000
460.761108	52.898000
449.691772	52.921000
448.999939	52.945000
448.308105	52.968000
435.855103	52.992000
451.075439	53.015000
453.150940	53.038000
437.930603	53.061000
452.459106	53.083000
458.685608	53.107000
448.308105	53.130000
452.459106	53.154000
460.761108	53.177000
462.144775	53.200000
453.150940	53.223000
456.610107	53.246000
453.842773	53.269000
453.150940	53.291000
467.679443	53.315000
461.452942	53.338000
457.301941	53.362000
451.075439	53.385000
466.987610	53.408000
460.761108	53.431000
462.144775	53.454000
463.528442	53.477000
463.528442	53.499000
458.685608	53.523000
464.220276	53.546000
465.603943	53.570000
464.912109	53.593000
475.981445	53.617000
469.754944	53.640000
469.063110	53.663000
474.597778	53.686000
460.069275	53.708000
468.371277	53.732000
466.295776	53.755000
465.603943	53.779000
466.987610	53.802000
474.597778	53.825000
472.522278	53.848000
470.446777	53.871000
469.063110	53.894000
469.754944	53.916000
471.830444	53.940000
473.905945	53.963000
476.673279	53.987000
472.522278	54.010000
475.981445	54.033000
475.289612	54.056000
478.056946	54.079000
461.452942	54.102000
469.063110	54.124000
477.365112	54.148000
471.830444	54.171000
475.289612	54.195000
457.993774	54.218000
479.440613	54.242000
469.063110	54.265000
478.056946	54.289000
476.673279	54.313000
471.830444	54.336000
482.899780	54.360000
484.975281	54.383000
480.132446	54.407000
479.440613	54.430000
480.824280	54.453000
468.371277	54.476000
477.365112	54.498000
482.899780	54.522000
484.975281	54.545000
487.742615	54.569000
495.352783	54.592000
481.516113	54.616000
481.516113	54.639000
485.667114	54.662000
491.893616	54.685000
483.591614	54.707000
485.667114	54.731000
484.975281	54.754000
491.201782	54.778000
487.050781	54.801000
494.660950	54.825000
500.887451	54.848000
489.126282	54.871000
491.201782	54.894000
498.811951	54.916000
496.044617	54.940000
491.201782	54.963000
493.969116	54.987000
493.969116	55.010000
494.660950	55.033000
491.893616	55.056000
492.585449	55.079000
489.818115	55.102000
496.736450	55.124000
493.277283	55.148000
492.585449	55.171000
476.673279	55.195000
489.126282	55.218000
500.195618	55.242000
491.893616	55.265000
498.811951	55.288000
496.736450	55.311000
491.893616	55.333000
505.730286	55.357000
499.503784	55.380000
496.044617	55.404000
499.503784	55.427000
500.195618	55.450000
500.887451	55.473000
501.579285	55.496000
498.811951	55.519000
507.805786	55.541000
502.271118	55.565000
502.271118	55.588000
502.271118	55.612000
522.334290	55.635000
507.113953	55.658000
507.805786	55.681000
510.573120	55.704000
508.497620	55.727000
511.956787	55.749000
511.264954	55.773000
504.346619	55.796000
512.648621	55.820000
504.346619	55.843000
513.340454	55.867000
527.177124	55.890000
511.956787	55.913000
511.264954	55.936000
516.107788	55.958000
508.497620	55.982000
516.799622	56.005000
513.340454	56.029000
516.799622	56.052000
509.189453	56.075000
516.799622	56.098000
514.724121	56.121000
514.032288	56.144000
519.566956	56.166000
509.881287	56.190000
516.799622	56.213000
519.566956	56.237000
523.026123	56.260000
520.258789	56.283000
519.566956	56.306000
519.566956	56.329000
516.799622	56.352000
527.868958	56.374000
520.950623	56.398000
515.415955	56.421000
520.258789	56.445000
509.881287	56.468000
519.566956	56.492000
525.101624	56.515000
526.485291	56.538000
531.328125	56.561000
520.950623	56.583000
520.258789	56.607000
527.177124	56.630000
522.334290	56.654000
537.554626	56.677000
522.334290	56.700000
526.485291	56.723000
520.950623	56.746000
531.328125	56.769000
518.183289	56.791000
511.264954	56.815000
530.636292	56.838000
525.101624	56.862000
528.560791	56.885000
534.787292	56.908000
520.950623	56.931000
527.177124	56.954000
538.938293	56.977000
537.554626	56.999000
536.170959	57.023000
528.560791	57.046000
531.328125	57.070000
535.479126	57.093000
537.554626	57.117000
525.793457	57.140000
530.636292	57.163000
536.170959	57.186000
530.636292	57.208000
523.717957	57.232000
536.862793	57.255000
524.409790	57.279000
523.717957	57.302000
529.944458	57.325000
531.328125	57.348000
529.944458	57.371000
529.252625	57.394000
529.252625	57.416000
532.019958	57.440000
534.095459	57.463000
532.711792	57.487000
527.177124	57.510000
540.321960	57.533000
537.554626	57.556000
534.095459	57.579000
523.026123	57.602000
555.542297	57.624000
547.932129	57.648000
544.472961	57.671000
545.164795	57.695000
545.856628	57.718000
544.472961	57.742000
541.013794	57.765000
550.699463	57.788000
553.466797	57.811000
550.007629	57.833000
559.001465	57.857000
545.856628	57.880000
561.076965	57.904000
553.466797	57.927000
559.693298	57.951000
550.699463	57.974000
551.391296	57.997000
554.158630	58.021000
565.227966	58.044000
557.617798	58.068000
554.850464	58.091000
558.309631	58.115000
559.001465	58.138000
551.391296	58.161000
547.932129	58.184000
554.850464	58.206000
561.076965	58.230000
552.774963	58.253000
560.385132	58.277000
558.309631	58.300000
553.466797	58.324000
553.466797	58.347000
561.076965	58.370000
560.385132	58.393000
561.768799	58.415000
558.309631	58.439000
567.303467	58.462000
567.303467	58.486000
554.850464	58.509000
569.378967	58.533000
559.001465	58.556000
568.687134	58.579000
562.460632	58.602000
543.781128	58.624000
563.844299	58.648000
542.397461	58.671000
570.070801	58.695000
551.391296	58.718000
567.303467	58.742000
566.611633	58.765000
562.460632	58.788000
574.221802	58.811000
562.460632	58.833000
561.076965	58.857000
570.070801	58.880000
570.762634	58.904000
561.076965	58.927000
567.303467	58.950000
568.687134	58.973000
570.762634	58.996000
574.221802	59.019000
567.303467	59.041000
572.838135	59.065000
570.070801	59.088000
566.611633	59.112000
575.605469	59.135000
569.378967	59.158000
567.303467	59.181000
574.913635	59.204000
569.378967	59.227000
574.913635	59.249000
576.989136	59.273000
574.913635	59.296000
561.076965	59.320000
574.913635	59.343000
583.907471	59.367000
552.774963	59.390000
579.064636	59.413000
574.221802	59.436000
577.680969	59.458000
583.215637	59.482000
580.448303	59.505000
573.529968	59.529000
570.762634	59.552000
576.297302	59.575000
579.064636	59.598000
576.297302	59.621000
581.140137	59.644000
581.831970	59.666000
574.913635	59.690000
582.523804	59.713000
588.058472	59.737000
583.907471	59.760000
577.680969	59.783000
585.982971	59.806000
585.982971	59.829000
579.064636	59.852000
597.052307	59.874000
584.599304	59.898000
583.907471	59.921000
562.460632	59.945000
585.291138	59.968000
586.674805	59.992000
583.215637	60.015000
581.140137	60.038000
599.127808	60.061000
585.291138	60.083000
597.744141	60.107000
595.668640	60.130000
599.127808	60.154000
587.366638	60.177000
590.825806	60.200000
589.442139	60.223000
591.517639	60.246000
588.058472	60.269000
585.982971	60.292000
593.593140	60.316000
598.435974	60.339000
598.435974	60.363000
591.517639	60.386000
585.982971	60.409000
588.750305	60.432000
590.133972	60.455000
598.435974	60.478000
593.593140	60.500000
585.291138	60.524000
593.593140	60.547000
588.750305	60.571000
606.046143	60.594000
592.901306	60.617000
593.593140	60.640000
593.593140	60.663000
597.744141	60.686000
585.291138	60.708000
584.599304	60.732000
601.203308	60.755000
603.970642	60.779000
592.209473	60.802000
601.203308	60.825000
598.435974	60.848000
580.448303	60.871000
599.819641	60.894000
590.133972	60.916000
602.586975	60.940000
600.511475	60.963000
597.744141	60.987000
598.435974	61.010000
587.366638	61.033000
593.593140	61.056000
599.127808	61.079000
587.366638	61.102000
597.744141	61.124000
603.970642	61.148000
612.964478	61.171000
587.366638	61.195000
603.970642	61.218000
599.819641	61.242000
603.970642	61.265000
604.662476	61.289000
603.278809	61.313000
592.209473	61.336000
600.511475	61.360000
599.127808	61.383000
606.737976	61.407000
608.813477	61.430000
599.819641	61.453000
608.813477	61.476000
606.046143	61.498000
606.046143	61.522000
610.888977	61.545000
604.662476	61.569000
616.423645	61.592000
617.807312	61.616000
611.580811	61.639000
619.882812	61.662000
617.807312	61.685000
615.039978	61.707000
607.429810	61.731000
597.744141	61.754000
608.813477	61.778000
613.656311	61.801000
609.505310	61.825000
610.888977	61.848000
623.341980	61.871000
607.429810	61.894000
606.737976	61.916000
612.272644	61.940000
617.807312	61.963000
609.505310	61.987000
626.801147	62.010000
618.499146	62.033000
620.574646	62.056000
605.354309	62.079000
612.272644	62.102000
625.417480	62.124000
619.190979	62.148000
611.580811	62.171000
616.423645	62.195000
619.190979	62.218000
610.197144	62.242000
621.266479	62.265000
626.801147	62.288000
615.731812	62.311000
611.580811	62.333000
620.574646	62.357000
612.272644	62.380000
615.039978	62.404000
621.266479	62.427000
617.115479	62.450000
621.266479	62.473000
612.964478	62.496000
612.272644	62.519000
617.115479	62.541000
623.341980	62.565000
623.341980	62.588000
620.574646	62.612000
619.882812	62.635000
621.266479	62.658000
623.341980	62.681000
621.958313	62.704000
617.115479	62.727000
626.801147	62.749000
624.033813	62.773000
623.341980	62.796000
610.888977	62.820000
631.643982	62.843000
621.958313	62.867000
626.109314	62.890000
625.417480	62.913000
627.492981	62.936000
637.178650	62.958000
626.801147	62.982000
626.801147	63.005000
624.033813	63.029000
633.027649	63.052000
615.731812	63.075000
628.876648	63.098000
630.260315	63.121000
631.643982	63.144000
621.266479	63.166000
622.650146	63.190000
615.731812	63.213000
640.637817	63.237000
635.794983	63.261000
625.417480	63.284000
640.637817	63.307000
628.184814	63.330000
637.178650	63.353000
633.719482	63.375000
631.643982	63.399000
631.643982	63.422000
636.486816	63.446000
628.184814	63.469000
631.643982	63.492000
629.568481	63.515000
639.254150	63.538000
626.109314	63.561000
639.254150	63.583000
635.103149	63.607000
631.643982	63.630000
626.109314	63.654000
623.341980	63.677000
619.190979	63.700000
635.103149	63.723000
626.801147	63.746000
629.568481	63.769000
626.801147	63.791000
633.719482	63.815000
634.411316	63.838000
629.568481	63.862000
635.103149	63.885000
619.190979	63.908000
639.254150	63.932000
638.562317	63.955000
634.411316	63.980000
638.562317	64.003000
644.096985	64.027000
635.103149	64.050000
635.103149	64.074000
637.178650	64.098000
635.794983	64.121000
634.411316	64.144000
645.480652	64.166000
632.335815	64.190000
642.021484	64.213000
640.637817	64.237000
634.411316	64.260000
633.027649	64.283000
641.329651	64.306000
644.788818	64.329000
643.405151	64.352000
637.178650	64.374000
639.945984	64.398000
636.486816	64.421000
644.788818	64.446000
639.945984	64.469000
645.480652	64.492000
644.096985	64.515000
634.411316	64.538000
638.562317	64.561000
628.184814	64.583000
644.788818	64.608000
639.254150	64.631000
651.015320	64.655000
640.637817	64.678000
635.794983	64.701000
641.329651	64.724000
640.637817	64.747000
642.021484	64.771000
644.096985	64.794000
653.090820	64.818000
649.631653	64.841000
646.172485	64.865000
637.178650	64.888000
642.713318	64.911000
641.329651	64.934000
644.096985	64.956000
642.713318	64.980000
638.562317	65.003000
660.009155	65.027000
640.637817	65.050000
646.864319	65.074000
642.021484	65.097000
641.329651	65.120000
628.184814	65.143000
639.945984	65.165000
647.556152	65.189000
642.021484	65.212000
642.713318	65.236000
621.266479	65.259000
637.178650	65.283000
644.096985	65.306000
648.247986	65.329000
654.474487	65.352000
639.254150	65.374000
646.172485	65.398000
642.713318	65.421000
654.474487	65.446000
649.631653	65.469000
648.247986	65.492000
651.707153	65.515000
655.858154	65.538000
632.335815	65.561000
644.788818	65.583000
647.556152	65.607000
648.247986	65.630000
646.864319	65.654000
646.864319	65.677000
646.864319	65.700000
653.090820	65.723000
647.556152	65.746000
644.096985	65.769000
643.405151	65.791000
651.015320	65.815000
642.713318	65.838000
647.556152	65.862000
648.939819	65.885000
653.782654	65.908000
646.864319	65.931000
651.707153	65.954000
650.323486	65.977000
648.939819	65.999000
648.939819	66.023000
649.631653	66.046000
650.323486	66.070000
650.323486	66.093000
649.631653	66.117000
651.015320	66.140000
639.945984	66.163000
665.543823	66.186000
649.631653	66.208000
652.398987	66.232000
649.631653	66.255000
656.549988	66.279000
653.782654	66.302000
651.015320	66.325000
661.392822	66.348000
649.631653	66.371000
648.247986	66.394000
652.398987	66.416000
657.241821	66.440000
655.858154	66.463000
653.782654	66.487000
653.782654	66.510000
657.241821	66.533000
655.858154	66.556000
652.398987	66.579000
657.933655	66.602000
652.398987	66.624000
655.166321	66.648000
657.241821	66.671000
644.096985	66.695000
645.480652	66.718000
653.090820	66.742000
660.700989	66.765000
654.474487	66.788000
653.090820	66.811000
654.474487	66.833000
660.009155	66.857000
657.241821	66.880000
662.776489	66.904000
656.549988	66.927000
648.939819	66.950000
652.398987	66.973000
648.247986	66.996000
651.707153	67.019000
653.782654	67.041000
652.398987	67.065000
653.090820	67.088000
658.625488	67.112000
657.933655	67.135000
654.474487	67.158000
671.078491	67.181000
660.700989	67.204000
660.700989	67.228000
658.625488	67.250000
657.933655	67.274000
661.392822	67.297000
654.474487	67.321000
655.166321	67.344000
680.072327	67.367000
657.933655	67.390000
664.851990	67.413000
671.770325	67.436000
655.858154	67.458000
653.090820	67.482000
667.619324	67.505000
660.700989	67.529000
662.776489	67.552000
664.160156	67.575000
657.933655	67.598000
660.009155	67.621000
655.858154	67.644000
655.858154	67.666000
655.166321	67.690000
651.707153	67.713000
664.160156	67.737000
655.166321	67.760000
657.241821	67.783000
646.864319	67.806000
653.782654	67.829000
668.311157	67.852000
653.782654	67.874000
659.317322	67.898000
672.462158	67.921000
661.392822	67.946000
671.770325	67.969000
675.921326	67.992000
662.084656	68.015000
654.474487	68.038000
653.090820	68.061000
653.090820	68.083000
658.625488	68.107000
659.317322	68.130000
647.556152	68.154000
666.235657	68.177000
662.776489	68.200000
653.090820	68.223000
663.468323	68.246000
669.002991	68.269000
662.084656	68.291000
660.009155	68.315000
656.549988	68.338000
674.537659	68.362000
653.090820	68.385000
661.392822	68.408000
659.317322	68.431000
658.625488	68.454000
654.474487	68.477000
660.009155	68.499000
651.707153	68.523000
659.317322	68.546000
658.625488	68.570000
658.625488	68.593000
659.317322	68.617000
657.241821	68.640000
648.939819	68.664000
664.851990	68.688000
658.625488	68.711000
641.329651	68.735000
653.782654	68.758000
642.713318	68.782000
649.631653	68.805000
656.549988	68.828000
646.172485	68.851000
660.009155	68.873000
656.549988	68.897000
650.323486	68.920000
642.021484	68.944000
647.556152	68.967000
638.562317	68.991000
656.549988	69.014000
647.556152	69.037000
647.556152	69.060000
642.021484	69.082000
644.788818	69.106000
644.788818	69.129000
649.631653	69.153000
646.864319	69.176000
639.945984	69.200000
646.172485	69.223000
646.172485	69.246000
657.241821	69.269000
639.254150	69.292000
647.556152	69.316000
643.405151	69.339000
653.782654	69.363000
648.939819	69.386000
648.247986	69.409000
649.631653	69.432000
648.247986	69.455000
639.945984	69.478000
654.474487	69.500000
647.556152	69.524000
657.241821	69.547000
660.700989	69.571000
666.927490	69.594000
670.386658	69.617000
651.707153	69.640000
665.543823	69.664000
653.090820	69.688000
660.009155	69.711000
658.625488	69.735000
651.015320	69.758000
655.166321	69.782000
650.323486	69.805000
647.556152	69.828000
660.700989	69.851000
651.015320	69.873000
645.480652	69.897000
653.782654	69.920000
648.247986	69.944000
653.782654	69.967000
649.631653	69.991000
644.788818	70.014000
660.700989	70.037000
642.713318	70.060000
648.939819	70.082000
642.021484	70.106000
654.474487	70.129000
654.474487	70.153000
649.631653	70.176000
644.096985	70.200000
646.864319	70.223000
639.254150	70.246000
636.486816	70.269000
645.480652	70.291000
644.788818	70.315000
651.015320	70.338000
643.405151	70.362000
646.172485	70.385000
648.939819	70.408000
650.323486	70.431000
646.172485	70.454000
643.405151	70.477000
648.247986	70.499000
652.398987	70.523000
642.021484	70.546000
644.788818	70.570000
645.480652	70.593000
657.933655	70.617000
653.090820	70.640000
644.788818	70.663000
646.172485	70.686000
644.788818	70.708000
648.247986	70.732000
644.096985	70.755000
642.021484	70.779000
644.096985	70.802000
648.247986	70.825000
639.254150	70.848000
648.939819	70.871000
634.411316	70.894000
633.027649	70.916000
651.707153	70.940000
655.166321	70.963000
634.411316	70.987000
648.939819	71.010000
651.707153	71.033000
651.707153	71.056000
645.480652	71.079000
642.713318	71.102000
647.556152	71.124000
646.172485	71.148000
637.178650	71.171000
646.864319	71.195000
645.480652	71.218000
643.405151	71.242000
644.096985	71.265000
645.480652	71.289000
660.700989	71.313000
639.945984	71.336000
648.247986	71.360000
661.392822	71.383000
643.405151	71.407000
655.858154	71.430000
631.643982	71.453000
651.015320	71.476000
641.329651	71.498000
644.096985	71.522000
640.637817	71.545000
649.631653	71.569000
644.096985	71.592000
644.096985	71.616000
641.329651	71.639000
644.096985	71.662000
642.021484	71.685000
631.643982	71.707000
653.090820	71.731000
641.329651	71.754000
634.411316	71.778000
647.556152	71.801000
647.556152	71.825000
646.864319	71.848000
638.562317	71.871000
639.945984	71.894000
651.015320	71.916000
652.398987	71.940000
641.329651	71.963000
635.794983	71.987000
644.788818	72.010000
642.713318	72.033000
648.939819	72.056000
645.480652	72.079000
637.178650	72.102000
644.788818	72.124000
638.562317	72.148000
651.015320	72.171000
639.945984	72.195000
643.405151	72.218000
643.405151	72.242000
639.945984	72.265000
631.643982	72.289000
646.864319	72.313000
635.794983	72.336000
635.103149	72.360000
637.870483	72.383000
639.945984	72.407000
644.788818	72.430000
643.405151	72.453000
641.329651	72.476000
651.015320	72.498000
632.335815	72.522000
638.562317	72.545000
630.260315	72.569000
646.172485	72.592000
639.254150	72.616000
644.788818	72.639000
647.556152	72.662000
639.254150	72.686000
637.178650	72.708000
642.021484	72.732000
641.329651	72.755000
637.870483	72.779000
646.864319	72.802000
648.247986	72.825000
642.713318	72.848000
641.329651	72.871000
653.782654	72.894000
648.247986	72.916000
646.864319	72.940000
645.480652	72.963000
642.021484	72.987000
642.021484	73.010000
648.247986	73.033000
642.713318	73.056000
640.637817	73.079000
641.329651	73.102000
644.096985	73.124000
648.247986	73.148000
635.103149	73.171000
646.172485	73.196000
640.637817	73.219000
641.329651	73.242000
639.945984	73.265000
644.788818	73.288000
647.556152	73.311000
640.637817	73.333000
637.178650	73.357000
646.864319	73.380000
617.807312	73.405000
641.329651	73.428000
633.719482	73.451000
644.788818	73.474000
642.021484	73.497000
634.411316	73.521000
642.021484	73.544000
635.103149	73.568000
635.103149	73.591000
629.568481	73.615000
636.486816	73.638000
633.719482	73.661000
632.335815	73.685000
634.411316	73.707000
632.335815	73.731000
625.417480	73.754000
637.178650	73.778000
627.492981	73.801000
637.870483	73.825000
644.096985	73.848000
649.631653	73.871000
640.637817	73.894000
642.021484	73.916000
634.411316	73.940000
633.719482	73.963000
641.329651	73.987000
640.637817	74.010000
634.411316	74.033000
624.725647	74.056000
632.335815	74.079000
633.027649	74.102000
639.945984	74.124000
639.254150	74.148000
627.492981	74.171000
630.260315	74.195000
633.027649	74.218000
635.103149	74.242000
641.329651	74.265000
631.643982	74.289000
641.329651	74.313000
640.637817	74.336000
636.486816	74.360000
635.103149	74.383000
635.794983	74.407000
630.952148	74.430000
635.794983	74.453000
634.411316	74.476000
634.411316	74.498000
635.103149	74.522000
643.405151	74.545000
634.411316	74.569000
635.794983	74.592000
639.945984	74.616000
639.254150	74.639000
635.103149	74.662000
636.486816	74.685000
633.719482	74.707000
630.952148	74.731000
628.876648	74.754000
643.405151	74.778000
633.027649	74.801000
631.643982	74.825000
632.335815	74.848000
638.562317	74.871000
632.335815	74.894000
618.499146	74.916000
624.033813	74.940000
634.411316	74.963000
632.335815	74.987000
635.103149	75.010000
633.719482	75.033000
635.103149	75.056000
631.643982	75.079000
633.027649	75.102000
629.568481	75.124000
634.411316	75.148000
630.952148	75.171000
639.945984	75.195000
634.411316	75.218000
630.260315	75.242000
626.109314	75.265000
630.952148	75.289000
637.178650	75.313000
630.260315	75.336000
639.945984	75.360000
628.184814	75.383000
632.335815	75.407000
618.499146	75.430000
637.178650	75.453000
635.103149	75.477000
634.411316	75.499000
628.876648	75.523000
629.568481	75.546000
641.329651	75.570000
631.643982	75.593000
635.794983	75.617000
624.725647	75.640000
625.417480	75.663000
638.562317	75.686000
633.027649	75.708000
626.801147	75.732000
626.109314	75.755000
618.499146	75.779000
633.027649	75.802000
644.788818	75.825000
626.801147	75.848000
635.103149	75.871000
633.027649	75.894000
629.568481	75.917000
638.562317	75.941000
641.329651	75.964000
633.027649	75.988000
631.643982	76.011000
631.643982	76.034000
642.713318	76.057000
630.952148	76.080000
637.870483	76.103000
627.492981	76.125000
618.499146	76.149000
624.725647	76.172000
624.033813	76.196000
623.341980	76.219000
620.574646	76.242000
626.109314	76.265000
619.190979	76.288000
625.417480	76.311000
620.574646	76.333000
618.499146	76.357000
617.807312	76.380000
628.184814	76.405000
620.574646	76.428000
619.882812	76.451000
623.341980	76.474000
621.958313	76.497000
619.882812	76.521000
622.650146	76.544000
620.574646	76.568000
610.197144	76.591000
616.423645	76.615000
609.505310	76.638000
618.499146	76.661000
617.807312	76.685000
612.964478	76.707000
620.574646	76.731000
616.423645	76.754000
615.039978	76.778000
624.033813	76.801000
617.115479	76.825000
614.348145	76.848000
618.499146	76.871000
616.423645	76.894000
607.429810	76.916000
619.882812	76.940000
614.348145	76.963000
613.656311	76.987000
610.888977	77.010000
625.417480	77.033000
619.190979	77.056000
613.656311	77.079000
616.423645	77.102000
601.895142	77.124000
611.580811	77.148000
619.190979	77.171000
623.341980	77.195000
620.574646	77.218000
618.499146	77.242000
619.190979	77.265000
615.731812	77.289000
617.807312	77.313000
613.656311	77.336000
620.574646	77.360000
621.958313	77.383000
616.423645	77.407000
626.109314	77.430000
621.266479	77.453000
617.807312	77.476000
616.423645	77.498000
621.266479	77.522000
617.115479	77.545000
618.499146	77.569000
602.586975	77.592000
600.511475	77.616000
626.109314	77.639000
619.190979	77.662000
614.348145	77.685000
619.190979	77.707000
618.499146	77.731000
616.423645	77.754000
619.882812	77.778000
621.266479	77.801000
612.272644	77.825000
611.580811	77.848000
611.580811	77.871000
616.423645	77.894000
621.958313	77.916000
623.341980	77.940000
610.888977	77.963000
623.341980	77.987000
610.197144	78.010000
613.656311	78.033000
616.423645	78.056000
609.505310	78.079000
610.888977	78.102000
601.895142	78.124000
599.127808	78.149000
606.737976	78.172000
603.970642	78.196000
608.813477	78.219000
611.580811	78.242000
611.580811	78.265000
613.656311	78.289000
610.197144	78.313000
610.197144	78.336000
608.121643	78.360000
597.744141	78.383000
614.348145	78.407000
612.272644	78.430000
609.505310	78.453000
610.197144	78.476000
622.650146	78.498000
617.115479	78.522000
611.580811	78.545000
609.505310	78.569000
602.586975	78.593000
609.505310	78.617000
603.970642	78.640000
603.970642	78.663000
611.580811	78.688000
605.354309	78.711000
606.737976	78.735000
602.586975	78.758000
600.511475	78.782000
609.505310	78.805000
608.813477	78.828000
615.039978	78.851000
601.203308	78.873000
606.737976	78.897000
614.348145	78.920000
603.278809	78.945000
604.662476	78.968000
599.819641	78.992000
597.744141	79.015000
608.813477	79.039000
601.203308	79.063000
599.819641	79.086000
597.052307	79.110000
604.662476	79.133000
599.127808	79.157000
603.278809	79.180000
597.052307	79.203000
606.046143	79.226000
606.737976	79.248000
608.813477	79.272000
608.813477	79.295000
603.970642	79.319000
609.505310	79.342000
605.354309	79.366000
602.586975	79.389000
604.662476	79.412000
600.511475	79.435000
602.586975	79.457000
609.505310	79.481000
612.272644	79.504000
610.888977	79.528000
604.662476	79.551000
610.197144	79.575000
608.121643	79.598000
605.354309	79.621000
611.580811	79.646000
603.278809	79.670000
595.668640	79.695000
601.895142	79.719000
603.278809	79.743000
606.737976	79.766000
602.586975	79.789000
601.895142	79.813000
596.360474	79.837000
600.511475	79.861000
591.517639	79.884000
596.360474	79.908000
598.435974	79.931000
605.354309	79.954000
602.586975	79.977000
601.203308	79.999000
607.429810	80.023000
597.744141	80.046000
603.278809	80.070000
610.197144	80.093000
603.278809	80.117000
606.737976	80.140000
595.668640	80.163000
607.429810	80.186000
598.435974	80.208000
592.209473	80.232000
604.662476	80.255000
592.209473	80.279000
595.668640	80.302000
602.586975	80.325000
592.901306	80.348000
598.435974	80.371000
601.203308	80.394000
599.127808	80.416000
587.366638	80.440000
595.668640	80.463000
596.360474	80.487000
616.423645	80.510000
603.970642	80.533000
599.819641	80.556000
601.895142	80.579000
596.360474	80.602000
580.448303	80.624000
590.825806	80.648000
592.209473	80.671000
592.901306	80.695000
585.982971	80.718000
595.668640	80.742000
586.674805	80.765000
594.976807	80.788000
592.901306	80.811000
592.209473	80.833000
599.127808	80.857000
594.284973	80.880000
597.052307	80.904000
594.284973	80.927000
603.970642	80.950000
590.133972	80.973000
597.744141	80.996000
602.586975	81.019000
606.046143	81.041000
594.284973	81.065000
594.976807	81.088000
593.593140	81.112000
591.517639	81.135000
592.901306	81.158000
596.360474	81.181000
593.593140	81.204000
596.360474	81.227000
596.360474	81.249000
592.901306	81.273000
596.360474	81.296000
590.825806	81.321000
598.435974	81.344000
600.511475	81.367000
597.052307	81.390000
592.901306	81.413000
590.133972	81.436000
592.901306	81.458000
579.064636	81.482000
587.366638	81.505000
591.517639	81.529000
587.366638	81.552000
580.448303	81.575000
582.523804	81.599000
587.366638	81.622000
580.448303	81.646000
577.680969	81.669000
580.448303	81.693000
570.762634	81.716000
579.064636	81.740000
590.825806	81.763000
577.680969	81.786000
597.052307	81.809000
592.209473	81.831000
585.291138	81.855000
581.140137	81.878000
585.982971	81.902000
583.215637	81.925000
576.989136	81.949000
579.064636	81.972000
588.750305	81.995000
579.064636	82.018000
583.215637	82.040000
581.140137	82.064000
580.448303	82.087000
589.442139	82.111000
576.297302	82.134000
582.523804	82.159000
581.140137	82.182000
584.599304	82.205000
582.523804	82.228000
574.913635	82.250000
582.523804	82.275000
577.680969	82.298000
585.291138	82.322000
586.674805	82.345000
578.372803	82.368000
576.989136	82.391000
583.215637	82.414000
581.831970	82.438000
585.982971	82.461000
581.140137	82.485000
574.221802	82.508000
583.215637	82.532000
581.140137	82.555000
583.215637	82.578000
583.907471	82.602000
579.756470	82.624000
563.844299	82.648000
578.372803	82.671000
584.599304	82.695000
585.291138	82.718000
581.831970	82.742000
574.221802	82.765000
581.831970	82.788000
582.523804	82.811000
590.825806	82.833000
590.133972	82.857000
578.372803	82.880000
579.756470	82.904000
590.133972	82.927000
581.140137	82.950000
579.064636	82.973000
581.831970	82.996000
579.756470	83.019000
591.517639	83.042000
587.366638	83.066000
589.442139	83.089000
582.523804	83.113000
580.448303	83.137000
579.756470	83.160000
579.064636	83.183000
585.291138	83.206000
572.146301	83.230000
565.919800	83.253000
572.838135	83.277000
578.372803	83.300000
572.146301	83.324000
574.221802	83.347000
573.529968	83.370000
580.448303	83.393000
571.454468	83.415000
569.378967	83.440000
578.372803	83.463000
588.750305	83.487000
588.058472	83.510000
579.064636	83.533000
599.819641	83.556000
575.605469	83.579000
581.140137	83.603000
575.605469	83.625000
571.454468	83.650000
579.064636	83.673000
576.989136	83.697000
577.680969	83.720000
580.448303	83.743000
592.209473	83.766000
583.907471	83.789000
579.756470	83.813000
570.762634	83.836000
573.529968	83.860000
582.523804	83.883000
570.762634	83.907000
577.680969	83.930000
579.756470	83.953000
585.291138	83.976000
567.303467	83.998000
585.291138	84.023000
574.221802	84.046000
574.913635	84.070000
587.366638	84.093000
576.297302	84.117000
574.913635	84.140000
576.989136	84.163000
573.529968	84.186000
579.756470	84.208000
571.454468	84.233000
582.523804	84.257000
579.756470	84.281000
586.674805	84.304000
573.529968	84.327000
563.844299	84.350000
579.064636	84.373000
572.838135	84.397000
587.366638	84.420000
565.227966	84.445000
573.529968	84.468000
576.297302	84.493000
566.611633	84.516000
570.762634	84.539000
580.448303	84.563000
576.297302	84.586000
579.756470	84.610000
579.756470	84.633000
573.529968	84.657000
573.529968	84.680000
574.913635	84.703000
572.838135	84.726000
572.146301	84.748000
572.146301	84.773000
571.454468	84.796000
579.064636	84.820000
579.064636	84.843000
576.297302	84.867000
586.674805	84.890000
569.378967	84.914000
574.221802	84.939000
579.064636	84.962000
576.297302	84.986000
572.146301	85.010000
570.762634	85.033000
572.146301	85.056000
568.687134	85.079000
574.221802	85.103000
579.756470	85.125000
568.687134	85.150000
565.919800	85.173000
583.215637	85.198000
583.215637	85.221000
557.617798	85.244000
567.995300	85.267000
576.297302	85.290000
570.070801	85.314000
574.913635	85.337000
575.605469	85.361000
574.913635	85.384000
563.844299	85.409000
566.611633	85.432000
569.378967	85.455000
567.995300	85.478000
573.529968	85.500000
574.913635	85.525000
572.838135	85.548000
559.001465	85.572000
561.076965	85.595000
566.611633	85.618000
556.234131	85.641000
567.995300	85.664000
562.460632	85.689000
558.309631	85.712000
570.762634	85.736000
571.454468	85.759000
561.768799	85.783000
561.768799	85.807000
561.768799	85.831000
558.309631	85.855000
556.925964	85.878000
567.303467	85.902000
557.617798	85.925000
551.391296	85.949000
559.001465	85.972000
550.699463	85.995000
550.699463	86.018000
555.542297	86.040000
555.542297	86.065000
565.227966	86.088000
562.460632	86.112000
554.158630	86.135000
558.309631	86.158000
564.536133	86.182000
566.611633	86.205000
563.152466	86.228000
558.309631	86.250000
563.152466	86.275000
565.227966	86.298000
563.152466	86.323000
557.617798	86.346000
550.007629	86.370000
558.309631	86.393000
554.850464	86.415000
563.844299	86.440000
561.768799	86.463000
561.076965	86.487000
559.693298	86.510000
554.850464	86.533000
557.617798	86.556000
559.693298	86.579000
554.850464	86.603000
563.844299	86.625000
553.466797	86.650000
545.164795	86.673000
548.623962	86.698000
550.007629	86.722000
549.315796	86.745000
542.397461	86.768000
543.781128	86.791000
545.856628	86.815000
544.472961	86.838000
547.932129	86.862000
541.013794	86.886000
538.938293	86.909000
549.315796	86.932000
545.164795	86.955000
550.007629	86.980000
547.932129	87.003000
547.932129	87.028000
543.089294	87.052000
554.158630	87.075000
545.164795	87.098000
546.548462	87.121000
545.856628	87.144000
559.693298	87.167000
541.705627	87.191000
549.315796	87.215000
548.623962	87.239000
544.472961	87.262000
545.856628	87.285000
530.636292	87.309000
543.781128	87.332000
543.781128	87.357000
545.164795	87.380000
552.774963	87.404000
548.623962	87.427000
543.781128	87.450000
550.007629	87.473000
547.240295	87.496000
552.774963	87.519000
546.548462	87.542000
540.321960	87.566000
551.391296	87.589000
543.781128	87.614000
545.164795	87.637000
544.472961	87.661000
554.850464	87.684000
552.083130	87.706000
545.856628	87.731000
550.699463	87.754000
545.164795	87.779000
543.781128	87.802000
546.548462	87.825000
546.548462	87.848000
547.240295	87.871000
551.391296	87.894000
554.158630	87.916000
542.397461	87.941000
546.548462	87.964000
547.932129	87.989000
550.699463	88.012000
544.472961	88.035000
543.089294	88.059000
550.007629	88.082000
548.623962	88.106000
547.932129	88.130000
541.705627	88.154000
540.321960	88.178000
534.095459	88.201000
543.089294	88.224000
547.932129	88.247000
510.573120	88.272000
475.289612	88.295000
428.244934	88.319000
388.118591	88.342000
353.526917	88.366000
312.708740	88.390000
269.815063	88.414000
225.537720	88.439000
198.556213	88.462000
150.819702	88.486000
143.901367	88.510000
128.681030	88.534000
112.077026	88.558000
89.246521	88.581000
72.642517	88.605000
69.875183	88.629000
55.346680	88.654000
47.736511	88.677000
30.440674	88.700000
30.440674	88.724000
26.981506	88.747000
22.830505	88.772000
11.761169	88.796000
2.767334	88.820000
6.918335	88.843000
-4.842834	88.868000
0.691833	88.892000
-5.534668	88.915000
-6.226501	88.939000
-14.528503	88.962000
-13.836670	88.987000
-13.144836	89.011000
-11.761169	89.034000
-28.365173	89.058000
-21.446838	89.081000
-18.679504	89.106000
-22.830505	89.130000
-13.836670	89.155000
-22.830505	89.178000
-39.434509	89.201000
-23.522339	89.225000
-29.057007	89.248000
-20.755005	89.273000
-19.371338	89.296000
-29.748840	89.321000
-26.981506	89.344000
-20.755005	89.368000
-10.377502	89.392000
-25.597839	89.415000
-29.057007	89.439000
-29.057007	89.462000
-33.208008	89.486000
-26.289673	89.510000
-12.453003	89.534000
-33.899841	89.558000
-21.446838	89.581000
-26.289673	89.606000
-31.824341	89.629000
-15.912170	89.653000
-31.824341	89.676000
-32.516174	89.701000
-24.214172	89.725000
-29.748840	89.748000
-32.516174	89.773000
-34.591675	89.796000
-42.893677	89.821000
-26.289673	89.844000
-26.289673	89.868000
-32.516174	89.892000
-29.748840	89.914000
-26.289673	89.939000
-24.906006	89.962000
-33.899841	89.986000
-30.440674	90.009000
-33.208008	90.034000
-31.132507	90.058000
-30.440674	90.081000
-23.522339	90.106000
-29.748840	90.130000
-31.824341	90.155000
-33.899841	90.179000
-28.365173	90.202000
-33.208008	90.226000
-28.365173	90.249000
-24.906006	90.273000
-26.981506	90.296000
-30.440674	90.321000
-32.516174	90.344000
-29.057007	90.368000
-30.440674	90.392000
-32.516174	90.415000
-23.522339	90.440000
-30.440674	90.463000
-32.516174	90.488000
-34.591675	90.511000
-25.597839	90.534000
-33.208008	90.558000
-30.440674	90.581000
-34.591675	90.606000
-29.748840	90.629000
-40.126343	90.653000
-24.906006	90.677000
-29.748840	90.700000
-33.899841	90.723000
-30.440674	90.747000
-34.591675	90.772000
-29.748840	90.795000
-30.440674	90.820000
-33.899841	90.844000
-35.975342	90.867000
-29.057007	90.891000
-31.824341	90.914000
-34.591675	90.939000
-15.912170	90.962000
-17.987671	90.986000
-32.516174	91.009000
-26.289673	91.034000
-37.359009	91.058000
-34.591675	91.081000
-27.673340	91.106000
-32.516174	91.129000
-31.132507	91.153000
-31.824341	91.177000
-29.057007	91.200000
-31.824341	91.224000
-16.604004	91.248000
-32.516174	91.273000
-31.824341	91.296000
-23.522339	91.321000
-26.289673	91.345000
-26.289673	91.369000
-33.208008	91.392000
-28.365173	91.415000
-26.981506	91.440000
-31.824341	91.463000
-38.742676	91.487000
-33.899841	91.510000
-28.365173	91.533000
-34.591675	91.557000
-31.132507	91.580000
-24.906006	91.605000
-29.748840	91.628000
-36.667175	91.652000
-30.440674	91.676000
-31.824341	91.700000
-33.208008	91.723000
-24.214172	91.746000
-33.208008	91.771000
-25.597839	91.794000
-33.208008	91.819000
-18.679504	91.843000
-42.893677	91.868000
-30.440674	91.892000
-31.824341	91.915000
-40.818176	91.940000
-20.755005	91.963000
-29.748840	91.987000
-29.057007	92.011000
-31.824341	92.034000
-28.365173	92.058000
-29.057007	92.081000
-22.830505	92.106000
-42.201843	92.129000
-39.434509	92.154000
-35.283508	92.177000
-17.295837	92.201000
-32.516174	92.224000
-33.899841	92.248000
-14.528503	92.273000
-30.440674	92.296000
-30.440674	92.321000
-31.132507	92.345000
-31.824341	92.368000
-32.516174	92.392000
-29.057007	92.415000
-27.673340	92.440000
-20.755005	92.463000
-33.899841	92.488000
-31.824341	92.511000
-15.912170	92.534000
-35.975342	92.558000
-23.522339	92.581000
-30.440674	92.606000
-41.510010	92.629000
-31.132507	92.654000
-19.371338	92.678000
-29.748840	92.702000
-28.365173	92.726000
-36.667175	92.749000
-32.516174	92.774000
-42.201843	92.797000
-25.597839	92.822000
-22.830505	92.846000
-40.818176	92.870000
-21.446838	92.894000
-32.516174	92.917000
-30.440674	92.942000
-39.434509	92.965000
-25.597839	92.990000
-27.673340	93.014000
-42.893677	93.038000
-32.516174	93.063000
-22.830505	93.087000
-29.748840	93.111000
-27.673340	93.135000
-31.824341	93.159000
-31.824341	93.182000
-41.510010	93.205000
-28.365173	93.230000
-35.283508	93.253000
-26.981506	93.278000
-29.057007	93.301000
-27.673340	93.326000
-31.824341	93.350000
-40.818176	93.373000
-28.365173	93.398000
-38.050842	93.422000
-37.359009	93.447000
-35.975342	93.470000
-24.906006	93.494000
-28.365173	93.517000
-32.516174	93.540000
-24.906006	93.565000
-31.824341	93.589000
-40.818176	93.614000
-24.906006	93.638000
-26.289673	93.662000
-49.812012	93.686000
-27.673340	93.709000
-29.057007	93.734000
-38.742676	93.757000
-18.679504	93.782000
-26.981506	93.806000
-31.132507	93.829000
-31.824341	93.853000
-24.214172	93.876000
-28.365173	93.901000
-28.365173	93.924000
-31.132507	93.948000
-29.748840	93.971000
-24.906006	93.994000
-33.899841	94.018000
-29.057007	94.041000
-37.359009	94.066000
-30.440674	94.090000
-35.283508	94.115000
-35.283508	94.139000
-24.214172	94.163000
-31.824341	94.186000
-28.365173	94.209000
-33.208008	94.234000
-42.201843	94.258000
-39.434509	94.283000
-28.365173	94.307000
-40.818176	94.331000
-32.516174	94.356000
-28.365173	94.380000
-38.742676	94.405000
-24.214172	94.429000
-20.755005	94.453000
-36.667175	94.477000
-24.906006	94.500000
-31.824341	94.525000
-32.516174	94.548000
-24.214172	94.573000
-32.516174	94.597000
-22.138672	94.621000
-33.899841	94.646000
-47.044678	94.670000
-31.824341	94.695000
-35.975342	94.719000
-29.057007	94.743000
-33.208008	94.767000
-15.912170	94.790000
-34.591675	94.814000
-32.516174	94.838000
-29.057007	94.863000
-31.132507	94.887000
-31.132507	94.910000
-25.597839	94.934000
-29.748840	94.957000
-29.748840	94.981000
-20.755005	95.005000
-15.220337	95.030000
-29.748840	95.054000
-33.208008	95.077000
-29.748840	95.101000
-28.365173	95.125000
-32.516174	95.149000
-22.138672	95.173000
-36.667175	95.198000
-35.283508	95.222000
-31.824341	95.246000
-44.969177	95.271000
-33.208008	95.294000
-34.591675	95.319000
-30.440674	95.343000
-29.057007	95.368000
-31.132507	95.392000
-28.365173	95.415000
-35.283508	95.440000
-28.365173	95.464000
-25.597839	95.489000
-28.365173	95.513000
-31.132507	95.537000
-26.289673	95.561000
-26.289673	95.584000
-31.132507	95.608000
-34.591675	95.631000
-29.748840	95.656000
-31.132507	95.680000
-22.138672	95.704000
-31.824341	95.728000
-32.516174	95.751000
-31.132507	95.775000
-23.522339	95.799000
-26.981506	95.824000
-27.673340	95.848000
-30.440674	95.872000
-31.132507	95.897000
-20.755005	95.921000
-35.975342	95.945000
-30.440674	95.968000
-31.824341	95.993000
-28.365173	96.017000
-27.673340	96.041000
-43.585510	96.065000
-26.289673	96.089000
-36.667175	96.114000
-31.132507	96.137000
-35.283508	96.161000
-25.597839	96.185000
-47.044678	96.208000
-27.673340	96.232000
-28.365173	96.256000
-24.214172	96.280000
-32.516174	96.303000
-36.667175	96.327000
-35.975342	96.351000
