Time	Load
0.000	0.00
0.000	17.700
0.024	5.493
0.067	8.545
0.072	15.869
0.078	26.245
0.100	19.531
0.137	23.193
0.176	18.921
0.209	17.700
0.215	21.362
0.238	21.973
0.270	17.700
0.301	26.855
0.334	12.207
0.367	20.142
0.397	21.362
0.401	20.142
0.409	20.752
0.440	20.752
0.444	19.531
0.448	21.973
0.471	23.193
0.504	7.935
0.534	17.700
0.567	20.142
0.601	17.700
0.606	17.700
0.630	17.700
0.671	17.090
0.675	17.700
0.683	11.597
0.725	12.817
0.757	16.479
0.785	10.986
0.789	16.479
0.814	14.038
0.846	14.038
0.879	12.817
0.912	12.817
0.940	19.531
0.974	18.921
1.005	12.817
1.009	11.597
1.034	12.207
1.066	17.700
1.100	7.935
1.129	14.038
1.158	-1.831
1.191	12.817
1.196	15.259
1.205	12.207
1.244	12.817
1.273	10.376
1.277	10.376
1.281	10.376
1.306	12.817
1.339	-0.610
1.379	10.986
1.384	13.428
1.422	0.610
1.426	6.714
1.434	15.869
1.469	6.714
1.498	6.714
1.539	10.376
1.545	11.597
1.569	12.817
1.608	9.766
1.648	6.104
1.673	17.090
1.677	10.986
1.685	17.700
1.726	7.935
1.757	6.714
1.761	8.545
1.769	9.155
1.817	10.376
1.851	10.986
1.877	11.597
1.910	10.376
1.942	9.766
1.973	9.155
1.978	9.155
2.001	10.376
2.046	8.545
2.077	10.376
2.108	9.155
2.112	9.155
2.117	8.545
2.143	8.545
2.176	8.545
2.181	17.700
2.225	8.545
2.255	-1.831
2.285	9.155
2.289	8.545
2.297	10.376
2.332	10.376
2.368	9.155
2.413	6.714
2.443	3.662
2.448	7.935
2.454	0.610
2.479	10.376
2.505	7.935
2.536	9.766
2.570	4.883
2.604	19.531
2.608	9.155
2.616	16.479
2.646	10.986
2.649	9.155
2.655	7.935
2.677	13.428
2.710	14.648
2.742	3.662
2.776	9.155
2.781	3.662
2.789	6.104
2.818	7.324
2.822	6.714
2.830	6.714
2.857	7.324
2.890	8.545
2.895	9.155
2.902	6.714
2.950	7.935
2.995	4.883
3.022	12.207
3.026	9.155
3.031	10.376
3.054	4.883
3.084	7.935
3.113	9.155
3.145	9.155
3.178	9.766
3.183	7.935
3.203	5.493
3.251	9.155
3.280	7.935
3.311	7.935
3.353	12.207
3.357	-1.831
3.362	5.493
3.395	8.545
3.399	9.766
3.403	7.324
3.429	8.545
3.457	6.714
3.490	5.493
3.523	6.714
3.557	13.428
3.591	7.324
3.595	3.662
3.619	6.714
3.658	7.935
3.689	4.883
3.719	9.155
3.723	5.493
3.731	6.714
3.771	5.493
3.800	9.766
3.804	7.935
3.827	7.935
3.870	12.817
3.897	7.935
3.927	9.155
3.958	15.869
3.988	6.104
3.993	7.935
4.018	7.324
4.061	9.766
4.096	9.155
4.100	6.714
4.107	8.545
4.148	9.155
4.172	9.766
4.177	6.104
4.184	6.714
4.244	14.648
4.274	6.104
4.309	6.714
4.354	-2.441
4.381	7.324
4.386	7.935
4.415	10.376
4.473	14.038
4.478	7.324
4.501	7.324
4.533	5.493
4.567	7.935
4.601	6.104
4.606	12.817
4.612	9.766
4.640	2.441
4.674	9.766
4.678	6.714
4.686	9.155
4.726	10.376
4.752	9.155
4.757	5.493
4.780	9.766
4.827	-1.221
4.832	8.545
4.840	9.155
4.880	9.155
4.910	3.662
4.914	4.883
4.922	7.324
4.959	6.104
5.003	7.324
5.035	6.714
5.040	4.883
5.062	7.324
5.073	7.935
5.107	7.324
5.146	4.272
5.174	8.545
5.179	7.935
5.186	6.104
5.247	6.714
5.291	-1.831
5.316	7.935
5.347	4.272
5.378	5.493
5.383	8.545
5.407	18.311
5.451	6.714
5.482	7.935
5.486	7.935
5.490	4.272
5.515	6.714
5.560	3.662
5.605	9.155
5.609	7.324
5.617	10.986
5.647	3.662
5.651	9.766
5.655	9.155
5.679	4.883
5.712	10.376
5.742	-3.052
5.773	8.545
5.777	4.883
5.785	1.831
5.825	3.662
5.860	7.935
5.864	3.052
5.872	9.155
5.913	15.259
5.917	4.883
5.925	5.493
5.958	9.155
5.962	6.104
5.985	5.493
6.029	9.155
6.063	4.272
6.067	5.493
6.072	7.324
6.096	8.545
6.130	5.493
6.160	7.324
6.193	3.662
6.198	6.714
6.211	3.662
6.241	3.662
6.276	9.155
6.297	4.883
6.328	6.104
6.360	7.935
6.364	11.597
6.370	4.272
6.413	5.493
6.418	3.662
6.426	7.935
6.458	3.052
6.485	9.766
6.516	7.935
6.520	6.714
6.527	10.986
6.569	6.714
6.573	6.714
6.585	8.545
6.629	7.935
6.663	6.104
6.690	6.104
6.724	12.817
6.756	5.493
6.788	6.714
6.793	15.259
6.817	9.155
6.822	11.597
6.827	6.714
6.850	8.545
6.881	6.714
6.914	5.493
6.942	8.545
6.977	13.428
6.982	7.935
7.006	6.104
7.011	6.714
7.015	7.324
7.039	6.714
7.067	5.493
7.103	12.207
7.130	1.221
7.163	8.545
7.191	4.272
7.196	-2.441
7.204	7.324
7.235	8.545
7.240	7.324
7.252	2.441
7.285	7.324
7.314	6.714
7.345	8.545
7.378	7.935
7.383	9.155
7.391	6.714
7.424	7.935
7.429	5.493
7.436	6.714
7.467	15.259
7.508	7.935
7.538	7.324
7.569	9.155
7.597	4.883
7.602	8.545
7.627	9.766
7.660	9.766
7.690	3.662
7.723	10.986
7.754	4.883
7.788	5.493
7.793	10.986
7.817	5.493
7.822	8.545
7.827	5.493
7.850	9.766
7.880	4.883
7.912	6.104
7.916	6.714
7.940	6.104
7.974	6.104
7.979	8.545
8.003	3.662
8.046	6.714
8.076	1.831
8.107	6.104
8.144	8.545
8.173	6.104
8.178	5.493
8.190	9.766
8.237	5.493
8.274	8.545
8.308	7.935
8.353	7.935
8.380	7.324
8.385	7.935
8.409	7.324
8.454	4.883
8.459	7.935
8.466	8.545
8.508	5.493
8.538	-3.052
8.570	3.662
8.601	6.104
8.606	3.052
8.610	8.545
8.644	6.714
8.673	7.935
8.703	4.883
8.734	4.272
8.738	8.545
8.747	3.662
8.789	9.155
8.819	9.155
8.824	5.493
8.831	15.259
8.859	4.883
8.890	7.324
8.924	9.155
8.928	8.545
8.936	9.766
8.978	8.545
9.008	6.104
9.013	6.714
9.036	7.935
9.079	4.883
9.083	14.648
9.091	7.324
9.132	8.545
9.167	3.662
9.214	8.545
9.245	8.545
9.250	9.766
9.274	9.155
9.333	14.038
9.361	3.662
9.365	7.324
9.391	7.324
9.445	9.155
9.476	7.935
9.520	6.714
9.550	4.883
9.580	3.662
9.585	4.883
9.608	7.935
9.663	4.272
9.693	6.714
9.724	6.714
9.756	-1.831
9.782	5.493
9.788	4.272
9.813	7.324
9.854	2.441
9.881	6.714
9.914	6.104
9.944	16.479
9.976	6.714
9.981	11.597
10.005	4.272
10.046	4.883
10.076	4.883
10.080	6.714
10.085	6.104
10.108	3.662
10.153	6.104
10.192	6.714
10.197	6.714
10.202	9.766
10.232	4.272
10.236	4.883
10.240	7.324
10.265	9.766
10.311	-1.221
10.347	6.104
10.379	7.324
10.384	5.493
10.409	3.052
10.455	7.935
10.484	3.052
10.515	8.545
10.519	6.714
10.526	9.766
10.568	6.104
10.599	5.493
10.604	-2.441
10.611	7.935
10.642	7.324
10.647	10.376
10.651	2.441
10.676	3.662
10.710	3.662
10.741	-2.441
10.776	8.545
10.781	6.104
10.786	5.493
10.819	10.376
10.850	6.714
10.854	10.376
10.861	5.493
10.892	7.935
10.896	-4.883
10.899	12.207
10.925	10.986
10.966	7.935
10.997	6.714
11.002	9.155
11.026	6.714
11.079	15.259
11.110	7.324
11.148	6.104
11.171	6.714
11.175	4.883
11.199	5.493
11.254	10.376
11.285	8.545
11.290	6.714
11.297	5.493
11.328	3.662
11.361	8.545
11.392	6.714
11.398	6.104
11.402	6.104
11.428	9.155
11.462	5.493
11.496	6.714
11.541	4.883
11.570	7.324
11.575	15.259
11.600	8.545
11.644	6.104
11.673	9.155
11.704	9.766
11.732	7.324
11.737	9.766
11.743	5.493
11.767	1.221
11.772	7.324
11.797	6.714
11.830	8.545
11.863	5.493
11.898	7.935
11.932	4.883
11.966	7.935
12.005	7.935
12.009	3.662
12.033	3.662
12.066	7.935
12.096	4.883
12.131	2.441
12.166	5.493
12.191	14.038
12.196	6.714
12.202	15.259
12.235	6.714
12.267	7.324
12.271	3.662
12.275	6.104
12.300	3.052
12.342	6.714
12.373	5.493
12.379	11.597
12.409	1.831
12.440	6.104
12.474	3.052
12.478	0.610
12.485	5.493
12.519	12.817
12.550	3.052
12.554	14.038
12.578	-3.052
12.625	3.662
12.655	10.376
12.659	7.324
12.667	6.104
12.708	7.935
12.712	6.104
12.720	6.714
12.757	6.714
12.805	8.545
12.839	2.441
12.845	4.883
12.869	6.104
12.903	1.831
12.934	4.883
12.966	6.104
13.005	15.259
13.010	4.883
13.033	5.493
13.077	5.493
13.109	0.610
13.140	2.441
13.144	6.104
13.152	5.493
13.215	3.052
13.255	6.104
13.259	3.662
13.283	14.038
13.315	5.493
13.350	4.883
13.382	9.155
13.387	3.052
13.411	4.272
13.457	6.714
13.484	1.831
13.516	4.883
13.547	2.441
13.551	13.428
13.559	9.766
13.600	3.662
13.604	6.714
13.611	14.038
13.643	5.493
13.672	7.324
13.703	1.831
13.707	3.662
13.715	4.272
13.757	6.104
13.788	4.272
13.793	12.207
13.801	3.662
13.848	7.935
13.879	1.831
13.909	6.104
13.945	6.714
13.978	6.104
13.982	6.104
13.990	6.714
14.022	8.545
14.047	6.104
14.077	4.883
14.109	4.883
14.141	5.493
14.172	6.104
14.176	6.104
14.188	6.104
14.247	3.052
14.283	4.883
14.316	6.104
14.351	4.883
14.382	6.714
14.387	-3.052
14.420	5.493
14.451	7.324
14.482	7.324
14.514	6.104
14.549	7.935
14.553	3.662
14.577	6.714
14.626	8.545
14.656	6.714
14.660	5.493
14.668	6.714
14.702	4.883
14.733	4.883
14.768	-5.493
14.796	-1.831
14.801	9.766
14.827	9.766
14.871	3.662
14.916	3.662
14.943	5.493
14.980	5.493
15.006	10.986
15.011	6.714
15.035	5.493
15.076	2.441
15.081	7.935
15.088	6.104
15.130	4.272
15.162	4.883
15.192	6.714
15.197	6.104
15.202	6.104
15.232	6.714
15.264	4.272
15.299	6.104
15.329	4.272
15.334	7.935
15.339	14.038
15.362	6.714
15.398	4.883
15.402	1.221
15.407	6.714
15.434	4.883
15.479	6.104
15.507	4.272
15.541	4.883
15.579	6.104
15.608	4.883
15.612	6.714
15.617	4.883
15.642	4.883
15.676	6.714
15.710	8.545
15.744	2.441
15.776	4.883
15.781	7.324
15.789	14.648
15.819	9.766
15.823	6.714
15.831	6.104
15.858	1.831
15.890	7.324
15.920	6.104
15.952	3.662
15.956	6.104
15.981	3.662
16.029	3.052
16.061	5.493
16.092	3.662
16.097	4.272
16.107	7.324
16.149	6.714
16.174	6.714
16.179	-4.272
16.188	4.272
16.237	5.493
16.278	0.610
16.310	4.272
16.342	3.662
16.383	5.493
16.418	3.662
16.422	4.272
16.455	4.883
16.483	4.272
16.515	10.376
16.548	6.104
16.577	0.000
16.582	4.272
16.607	9.155
16.653	4.883
16.685	3.662
16.730	5.493
16.775	6.104
16.807	6.714
16.812	1.831
16.836	4.883
16.870	7.324
16.900	7.935
16.935	6.104
16.966	-6.714
17.006	4.272
17.011	5.493
17.036	5.493
17.098	5.493
17.129	3.662
17.133	5.493
17.141	7.935
17.172	6.714
17.203	7.935
17.207	4.883
17.233	7.324
17.279	5.493
17.317	7.935
17.352	2.441
17.382	7.324
17.386	6.104
17.420	11.597
17.424	6.714
17.432	3.662
17.474	5.493
17.478	2.441
17.485	6.104
17.517	3.052
17.548	10.376
17.552	3.662
17.577	0.610
17.632	3.662
17.659	3.662
17.664	7.324
17.672	8.545
17.703	10.376
17.735	6.714
17.740	3.052
17.748	-4.272
17.801	4.272
17.836	4.272
17.840	5.493
17.866	9.155
17.899	8.545
17.931	7.324
17.963	3.052
17.995	0.610
18.000	4.883
18.025	7.935
18.057	0.000
18.092	1.221
18.131	4.883
18.163	5.493
18.192	-9.766
18.198	2.441
18.224	5.493
18.269	6.714
18.303	8.545
18.336	4.883
18.368	7.324
18.399	3.052
18.403	1.831
18.410	1.221
18.445	5.493
18.449	5.493
18.457	2.441
18.485	6.714
18.517	7.935
18.521	1.831
18.525	3.662
18.551	2.441
18.593	4.883
18.597	4.272
18.622	12.207
18.673	0.000
18.704	6.104
18.732	4.272
18.736	7.324
18.740	4.272
18.766	-4.883
18.801	2.441
18.806	8.545
18.852	0.000
18.856	13.428
18.860	0.000
18.885	9.155
18.915	-1.221
18.945	2.441
18.977	3.662
18.982	5.493
18.989	9.766
19.020	2.441
19.024	6.714
19.030	2.441
19.054	6.714
19.088	1.221
19.118	-1.831
19.150	3.662
19.182	-6.104
19.187	6.104
19.211	12.817
19.256	8.545
19.287	4.272
19.292	5.493
19.300	-3.052
19.337	6.104
19.365	8.545
19.414	11.597
19.445	4.883
19.450	4.272
19.476	6.104
19.503	12.207
19.540	6.714
19.569	6.714
19.604	4.883
19.608	5.493
19.613	5.493
19.648	7.324
19.651	4.272
19.656	8.545
19.681	4.272
19.711	3.052
19.746	4.883
19.792	3.052
19.798	4.272
19.832	4.883
19.860	6.104
19.864	-7.324
19.872	7.935
19.914	5.493
19.946	6.714
19.982	9.155
19.987	6.104
19.993	12.817
20.017	7.935
20.059	2.441
20.085	6.714
20.116	-0.610
20.151	5.493
20.195	5.493
20.200	4.272
20.226	11.597
20.264	4.272
20.299	2.441
20.304	4.883
20.311	3.662
20.350	4.883
20.398	7.324
20.430	4.883
20.434	-1.221
20.461	9.155
20.495	12.207
20.540	6.714
20.566	6.104
20.598	4.883
20.604	5.493
20.629	1.221
20.660	6.714
20.694	10.986
20.729	6.714
20.754	1.221
20.789	4.272
20.794	6.714
20.822	7.324
20.859	4.883
20.864	12.817
20.868	6.714
20.894	6.104
20.928	5.493
20.964	4.883
20.995	2.441
21.001	-0.610
21.035	10.986
21.066	6.104
21.070	4.272
21.074	6.104
21.100	-0.610
21.131	7.324
21.165	4.883
21.195	6.104
21.200	3.052
21.226	12.207
21.267	4.883
21.297	12.817
21.301	-0.610
21.310	8.545
21.352	-8.545
21.357	-4.272
21.361	1.831
21.395	3.662
21.420	6.104
21.425	4.272
21.432	4.883
21.480	9.766
21.526	6.104
21.567	5.493
21.595	3.662
21.600	-3.052
21.607	2.441
21.669	2.441
21.695	10.986
21.722	1.831
21.754	3.052
21.789	-3.052
21.794	4.883
21.819	3.662
21.824	4.883
21.851	4.883
21.878	4.272
21.909	7.324
21.941	5.493
21.977	3.052
21.982	4.883
21.990	5.493
22.041	-3.662
22.067	7.324
22.099	4.272
22.131	6.104
22.161	2.441
22.195	4.883
22.201	10.376
22.233	4.883
22.265	1.221
22.269	10.986
22.276	3.662
22.319	9.766
22.352	2.441
22.357	1.221
22.364	7.324
22.402	4.883
22.448	3.052
22.491	2.441
22.525	6.104
22.556	3.052
22.603	5.493
22.630	3.662
22.635	4.272
22.659	4.883
22.693	4.272
22.729	1.221
22.757	6.714
22.788	1.221
22.793	5.493
22.821	5.493
22.857	5.493
22.891	-3.662
22.921	-1.221
22.925	5.493
22.933	4.883
22.983	7.324
23.034	6.714
23.066	2.441
23.071	7.324
23.079	0.000
23.107	4.883
23.111	7.324
23.116	3.662
23.142	7.324
23.184	12.207
23.189	3.662
23.215	3.052
23.219	4.883
23.244	3.662
23.275	1.221
23.307	3.662
23.342	0.000
23.383	4.883
23.389	6.104
23.414	1.221
23.445	0.000
23.476	3.052
23.504	4.883
23.539	2.441
23.569	8.545
23.601	5.493
23.606	4.883
23.640	3.662
23.670	7.324
23.674	3.662
23.682	3.662
23.724	1.831
23.756	3.662
23.784	3.662
23.788	-1.831
23.814	7.935
23.849	3.662
23.880	0.610
23.911	3.662
23.944	6.104
23.980	1.831
23.984	0.610
23.992	4.272
24.023	5.493
24.028	4.883
24.032	-4.883
24.058	6.714
24.104	2.441
24.132	7.324
24.163	2.441
24.194	3.662
24.199	4.272
24.225	4.883
24.267	6.104
24.297	6.104
24.301	5.493
24.309	6.104
24.357	-0.610
24.418	11.597
24.466	3.662
24.471	3.052
24.496	4.883
24.542	9.766
24.568	3.662
24.573	0.610
24.579	4.272
24.609	8.545
24.641	4.272
24.671	2.441
24.675	7.935
24.683	6.104
24.726	2.441
24.758	10.376
24.762	1.831
24.773	9.766
24.817	7.935
24.853	12.207
24.881	2.441
24.912	4.883
24.941	1.221
24.978	4.272
24.982	6.714
24.990	1.221
25.023	5.493
25.026	0.610
25.030	1.831
25.056	7.324
25.091	3.662
25.130	2.441
25.162	2.441
25.194	4.272
25.200	5.493
25.235	4.883
25.267	7.935
25.271	5.493
25.275	0.610
25.301	3.662
25.331	11.597
25.366	-10.376
25.402	7.324
25.407	1.831
25.453	1.221
25.457	5.493
25.465	1.221
25.508	3.662
25.535	3.662
25.540	3.052
25.566	4.272
25.602	3.052
25.607	1.831
25.611	-1.831
25.636	5.493
25.682	1.831
25.713	2.441
25.748	4.272
25.776	4.272
25.781	7.935
25.789	9.766
25.821	4.272
25.825	2.441
25.851	3.662
25.878	6.104
25.911	0.610
25.944	3.662
25.980	5.493
25.984	4.272
25.990	3.052
26.035	12.817
26.066	5.493
26.070	11.597
26.075	-8.545
26.101	4.272
26.129	4.272
26.164	3.052
26.194	6.104
26.199	3.052
26.225	2.441
26.267	2.441
26.297	2.441
26.301	6.714
26.309	1.831
26.352	-7.324
26.357	11.597
26.361	1.831
26.396	9.766
26.400	4.272
26.404	3.662
26.433	1.221
26.478	1.831
26.507	3.052
26.536	5.493
26.571	6.104
26.607	3.662
26.611	1.221
26.619	1.831
26.661	3.662
26.665	-0.610
26.674	4.883
26.705	5.493
26.734	1.221
26.738	0.000
26.743	7.935
26.769	3.052
26.774	6.714
26.786	3.052
26.815	7.935
26.844	4.883
26.848	3.052
26.856	4.883
26.898	2.441
26.923	4.272
26.952	-6.714
26.984	-6.714
26.989	3.662
26.994	10.986
27.039	7.324
27.082	4.272
27.107	-1.831
27.111	2.441
27.116	4.272
27.143	4.272
27.179	6.714
27.183	3.052
27.208	3.052
27.242	4.272
27.277	3.052
27.305	1.221
27.337	7.324
27.369	1.221
27.401	2.441
27.407	2.441
27.415	-6.714
27.460	5.493
27.484	6.714
27.488	5.493
27.493	12.817
27.520	5.493
27.555	3.662
27.587	5.493
27.592	3.052
27.619	3.052
27.663	3.662
27.668	4.272
27.676	3.052
27.708	4.272
27.731	3.052
27.734	6.104
27.739	4.883
27.763	3.052
27.811	3.662
27.815	0.610
27.824	3.052
27.857	6.714
27.861	4.272
27.865	3.052
27.891	6.714
27.927	2.441
27.957	6.714
27.992	1.831
27.998	1.221
28.033	7.935
28.065	-7.324
28.098	4.883
28.131	3.052
28.159	1.831
28.191	6.714
28.196	3.052
28.204	-1.221
28.233	6.104
28.269	3.662
28.295	1.221
28.299	9.766
28.307	-7.935
28.351	10.986
28.378	3.662
28.383	5.493
28.390	5.493
28.445	-4.272
28.481	1.221
28.526	1.831
28.562	4.272
28.608	7.935
28.613	8.545
28.618	4.272
28.663	3.052
28.694	8.545
28.698	7.935
28.706	4.272
28.734	0.610
28.770	4.272
28.799	5.493
28.804	0.610
28.830	6.104
28.865	4.272
28.897	4.272
28.928	1.831
28.965	3.052
29.000	5.493
29.005	2.441
29.030	9.766
29.069	3.662
29.105	3.052
29.150	1.831
29.186	2.441
29.190	-0.610
29.196	3.662
29.234	4.272
29.238	1.221
29.243	5.493
29.269	6.104
29.304	4.272
29.335	3.662
29.367	6.104
29.399	1.831
29.404	3.052
29.412	3.052
29.457	2.441
29.485	1.831
29.489	0.610
29.497	3.662
29.539	4.272
29.544	1.831
29.558	2.441
29.602	5.493
29.642	4.272
29.646	-6.714
29.649	-7.324
29.675	5.493
29.713	-7.935
29.748	4.883
29.795	-6.714
29.801	4.272
29.826	4.883
29.872	10.376
29.918	0.610
29.965	3.662
30.006	6.714
30.011	2.441
30.036	6.104
30.070	5.493
30.103	2.441
30.130	6.104
30.166	12.207
30.196	1.831
30.201	3.052
30.227	3.052
30.265	6.714
30.296	0.610
30.327	4.883
30.360	8.545
30.392	-6.104
30.397	4.272
30.401	-0.610
30.439	7.935
30.471	4.272
30.475	12.207
30.482	4.883
30.521	3.662
30.546	4.272
30.578	8.545
30.583	3.052
30.608	3.662
30.655	2.441
30.694	1.221
30.731	3.662
30.776	1.221
30.805	4.272
30.810	5.493
30.836	4.883
30.871	1.221
30.903	1.831
30.942	1.831
30.979	0.610
31.009	7.324
31.014	4.272
31.039	8.545
31.071	9.766
31.106	4.272
31.151	6.104
31.184	2.441
31.190	5.493
31.222	3.052
31.254	5.493
31.286	-8.545
31.318	3.662
31.352	1.221
31.357	1.831
31.364	7.324
31.397	0.000
31.423	3.052
31.457	6.714
31.482	4.883
31.515	3.662
31.519	5.493
31.526	3.662
31.572	3.662
31.603	3.662
31.607	-0.610
31.611	0.610
31.637	1.831
31.682	0.000
31.713	3.052
31.749	4.272
31.788	4.883
31.793	4.883
31.819	3.052
31.856	3.052
31.859	-6.714
31.863	4.883
31.871	3.052
31.914	4.883
31.958	0.610
31.983	2.441
31.987	1.831
31.994	3.662
32.019	3.662
32.054	7.935
32.082	3.662
32.120	3.662
32.166	6.714
32.193	3.052
32.198	3.052
32.225	9.155
32.256	0.610
32.292	4.272
32.320	9.155
32.353	2.441
32.383	1.221
32.389	6.104
32.414	3.052
32.446	1.831
32.482	6.104
32.527	2.441
32.571	-3.662
32.607	2.441
32.612	7.935
32.620	3.052
32.663	4.272
32.667	3.052
32.675	4.272
32.707	6.104
32.732	4.272
32.737	5.493
32.742	9.766
32.768	2.441
32.815	3.662
32.852	1.831
32.883	5.493
32.887	1.831
32.911	3.052
32.939	-4.883
32.976	6.104
33.009	4.272
33.014	2.441
33.040	1.221
33.070	-8.545
33.102	3.662
33.131	8.545
33.163	3.662
33.194	4.272
33.199	4.883
33.226	5.493
33.254	1.831
33.289	7.324
33.318	1.831
33.351	6.104
33.380	3.662
33.385	-0.610
33.410	6.104
33.457	4.883
33.482	5.493
33.518	3.662
33.550	9.766
33.554	4.883
33.580	3.662
33.627	1.221
33.659	6.104
33.663	0.610
33.671	1.831
33.703	1.831
33.732	-6.714
33.736	3.662
33.741	0.610
33.769	3.052
33.773	5.493
33.800	-9.766
33.835	6.714
33.864	6.104
33.900	1.831
33.936	7.935
33.975	2.441
34.009	4.883
34.013	-1.831
34.038	3.052
34.068	4.883
34.104	0.000
34.132	3.052
34.166	1.221
34.193	1.831
34.198	-2.441
34.206	7.324
34.235	-7.935
34.268	3.662
34.299	3.662
34.304	1.831
34.315	4.883
34.353	2.441
34.402	1.221
34.434	-0.610
34.439	1.221
34.468	3.662
34.505	-0.610
34.540	-1.831
34.570	3.662
34.606	-1.831
34.610	4.272
34.615	4.272
34.660	0.000
34.692	3.052
34.722	0.610
34.726	7.324
34.733	3.662
34.766	3.662
34.771	4.883
34.779	4.272
34.833	1.831
34.868	-3.052
34.901	2.441
34.933	3.052
34.962	4.883
34.998	1.221
35.003	5.493
35.029	1.221
35.079	3.662
35.108	5.493
35.141	-9.766
35.146	-0.610
35.172	4.883
35.208	3.662
35.212	2.441
35.238	4.883
35.275	2.441
35.311	4.272
35.355	4.272
35.400	3.052
35.405	3.662
35.413	3.662
35.459	12.207
35.484	0.610
35.489	4.272
35.494	3.662
35.520	10.986
35.556	3.052
35.593	1.221
35.599	3.052
35.625	4.272
35.661	3.052
35.695	9.766
35.727	10.986
35.756	0.000
35.792	1.221
35.797	6.714
35.823	3.052
35.828	5.493
35.857	0.610
35.904	0.610
35.945	1.221
35.982	4.272
35.986	3.662
35.998	1.221
36.030	1.831
36.063	3.662
36.095	1.221
36.100	3.052
36.107	2.441
36.148	5.493
36.194	0.610
36.231	3.662
36.236	3.662
36.244	4.272
36.287	6.714
36.319	1.221
36.353	-4.272
36.396	2.441
36.400	3.052
36.405	3.052
36.442	0.000
36.472	3.662
36.476	3.052
36.483	6.104
36.517	4.272
36.548	5.493
36.577	-4.883
36.581	4.883
36.607	0.610
36.664	3.052
36.707	7.324
36.711	9.766
36.719	7.324
36.752	1.221
36.756	3.052
36.782	4.272
36.827	-1.221
36.860	1.831
36.864	4.883
36.872	-3.662
36.907	3.662
36.911	1.221
36.919	1.221
36.952	3.052
36.984	1.831
36.989	1.221
36.995	3.052
37.020	-3.052
37.056	0.610
37.092	6.104
37.124	2.441
37.173	1.221
37.209	3.662
37.214	4.883
37.240	4.883
37.275	11.597
37.309	3.052
37.357	0.000
37.404	4.272
37.409	1.221
37.421	-1.831
37.451	1.221
37.484	7.324
37.517	-0.610
37.522	3.052
37.525	1.221
37.553	-0.610
37.585	1.221
37.590	2.441
37.618	4.272
37.622	12.207
37.648	4.272
37.684	3.052
37.717	1.831
37.758	4.272
37.796	1.221
37.800	0.000
37.826	1.831
37.872	2.441
37.911	7.935
37.946	4.883
37.982	1.221
37.987	4.883
38.014	9.766
38.060	0.000
38.107	4.272
38.153	1.221
38.187	0.000
38.191	-1.831
38.199	9.766
38.238	4.883
38.274	4.883
38.306	3.662
38.337	11.597
38.362	-10.376
38.395	-0.610
38.399	4.883
38.404	6.104
38.439	4.272
38.471	6.104
38.475	2.441
38.482	2.441
38.515	-1.831
38.546	3.052
38.579	3.662
38.583	-3.052
38.611	3.052
38.647	1.221
38.683	3.662
38.715	3.662
38.747	4.272
38.786	1.831
38.791	4.883
38.818	4.883
38.857	4.883
38.890	3.052
38.894	7.935
38.901	4.883
38.947	-1.831
38.984	5.493
38.989	4.883
38.997	0.000
39.029	3.052
39.033	1.831
39.041	4.883
39.085	1.221
39.107	1.831
39.111	3.052
39.116	0.610
39.143	1.221
39.181	0.000
39.185	3.052
39.211	10.376
39.246	-6.104
39.279	2.441
39.313	4.272
39.349	4.883
39.384	1.221
39.389	1.831
39.415	9.155
39.448	-3.662
39.495	3.052
39.527	1.221
39.556	-1.221
39.593	6.714
39.598	0.000
39.644	0.610
39.648	6.104
39.653	2.441
39.678	1.221
39.716	-9.766
39.756	0.610
39.792	1.831
39.797	6.714
39.823	3.662
39.880	-4.883
39.912	2.441
39.945	0.610
39.982	2.441
39.988	5.493
39.996	-3.052
40.039	2.441
40.044	3.052
40.052	-0.610
40.080	1.831
40.110	10.376
40.115	3.052
40.123	9.766
40.156	5.493
40.191	3.662
40.197	1.831
40.205	0.610
40.234	5.493
40.268	2.441
40.272	1.831
40.276	1.831
40.304	1.221
40.339	-1.221
40.381	9.155
40.419	-2.441
40.425	-0.610
40.474	-0.610
40.506	3.662
40.510	3.052
40.531	1.221
40.565	1.831
40.597	2.441
40.602	1.831
40.628	-5.493
40.673	4.272
40.706	3.052
40.730	0.000
40.733	-7.935
40.738	0.000
40.746	3.662
40.802	2.441
40.839	-0.610
40.845	1.831
40.870	3.052
40.904	3.662
40.944	1.831
40.978	0.000
40.982	9.155
40.991	0.610
41.023	1.221
41.027	3.052
41.033	4.272
41.065	3.052
41.089	1.221
41.114	3.052
41.119	6.104
41.123	7.935
41.150	2.441
