Time	Load
0.000	0.00
0.000	0.610
0.006	4.272
0.045	47.607
0.049	62.866
0.055	65.918
0.099	76.904
0.132	81.177
0.136	89.111
0.140	89.111
0.164	88.501
0.208	89.111
0.252	97.046
0.256	87.891
0.264	86.060
0.305	87.280
0.336	86.060
0.376	85.449
0.395	87.280
0.399	83.618
0.405	89.722
0.427	86.670
0.431	79.956
0.458	81.787
0.501	75.073
0.534	81.787
0.566	78.735
0.604	75.684
0.637	76.904
0.641	77.515
0.654	75.684
0.701	79.956
0.730	70.190
0.759	70.801
0.794	59.204
0.824	77.515
0.855	72.632
0.860	67.749
0.883	71.411
0.917	65.918
0.949	69.580
0.981	69.580
1.013	67.139
1.044	61.646
1.048	59.814
1.054	60.425
1.087	65.308
1.122	61.035
1.148	61.646
1.152	68.970
1.161	61.646
1.208	61.035
1.251	61.646
1.285	57.373
1.289	62.866
1.312	55.542
1.345	58.594
1.379	53.711
1.417	61.035
1.451	54.932
1.456	62.256
1.481	61.646
1.514	57.983
1.543	56.152
1.575	54.321
1.605	57.373
1.639	58.594
1.644	53.711
1.669	55.542
1.701	56.763
1.732	54.932
1.761	48.828
1.791	61.035
1.824	53.711
1.854	56.763
1.859	57.373
1.898	53.711
1.902	52.490
1.910	57.983
1.960	56.763
1.973	56.152
2.014	49.438
2.044	50.049
2.047	50.049
2.052	53.711
2.087	50.659
2.117	51.270
2.121	51.270
2.128	54.932
2.169	53.101
2.198	54.321
2.203	54.932
2.214	52.490
2.261	53.101
2.292	48.828
2.332	59.204
2.355	53.711
2.386	53.101
2.420	51.270
2.455	52.490
2.459	50.659
2.486	52.490
2.523	51.270
2.563	59.814
2.583	56.763
2.588	57.373
2.591	53.711
2.599	51.270
2.639	51.270
2.670	50.659
2.673	43.945
2.678	59.204
2.701	53.711
2.730	50.659
2.760	57.373
2.795	46.387
2.828	41.504
2.854	53.101
2.859	51.880
2.882	48.218
2.937	50.659
2.957	49.438
2.962	55.542
2.966	48.218
2.973	51.270
3.013	51.880
3.043	50.659
3.047	47.607
3.053	50.659
3.076	46.997
3.080	53.101
3.088	51.270
3.123	51.880
3.154	48.828
3.187	49.438
3.214	39.673
3.243	48.828
3.247	51.270
3.271	48.218
3.314	50.659
3.347	50.659
3.391	49.438
3.418	52.490
3.450	48.828
3.454	48.828
3.466	48.828
3.514	48.828
3.545	51.270
3.578	48.828
3.604	44.556
3.646	46.997
3.652	56.152
3.674	46.997
3.704	48.218
3.730	47.607
3.760	46.387
3.795	50.659
3.828	50.049
3.854	53.101
3.859	48.828
3.883	45.776
3.928	47.607
3.963	43.945
3.966	50.659
3.970	50.659
3.994	43.945
4.036	53.711
4.081	45.776
4.086	48.218
4.110	50.659
4.143	48.828
4.170	56.152
4.203	47.607
4.229	47.607
4.234	45.166
4.257	46.997
4.312	50.049
4.335	48.828
4.339	45.166
4.343	36.011
4.367	46.997
4.411	45.166
4.456	48.218
4.461	44.556
4.486	46.997
4.519	46.387
4.523	48.828
4.528	50.049
4.551	54.321
4.595	48.218
4.629	48.218
4.667	48.218
4.672	47.607
4.678	44.556
4.715	47.607
4.743	49.438
4.775	46.997
4.805	47.607
4.810	46.387
4.817	48.828
4.877	43.335
4.910	46.997
4.954	53.711
4.980	47.607
5.013	46.387
5.046	50.659
5.049	46.997
5.055	46.387
5.084	53.711
5.089	49.438
5.092	47.607
5.117	36.621
5.161	43.945
5.187	44.556
5.216	46.997
5.250	46.997
5.255	53.711
5.259	45.776
5.293	44.556
5.323	45.166
5.327	45.776
5.333	46.997
5.355	56.152
5.388	46.997
5.419	48.218
5.453	51.270
5.457	46.997
5.484	46.387
5.524	45.776
5.529	47.607
5.534	47.607
5.556	45.166
5.589	45.776
5.627	48.828
5.656	50.049
5.660	51.880
5.684	50.049
5.727	45.776
5.756	50.659
5.760	42.725
5.764	50.659
5.789	47.607
5.834	46.997
5.839	47.607
5.842	46.997
5.866	47.607
5.910	46.997
5.953	42.725
5.979	46.387
6.011	47.607
6.042	46.387
6.047	40.283
6.054	49.438
6.086	44.556
6.089	45.166
6.093	49.438
6.118	44.556
6.151	48.828
6.184	44.556
6.217	43.945
6.250	44.556
6.254	42.725
6.288	45.166
6.292	42.114
6.297	46.997
6.319	50.659
6.349	53.711
6.387	46.997
6.422	46.387
6.455	42.114
6.460	31.128
6.495	46.387
6.500	51.880
6.507	40.283
6.538	48.828
6.542	42.725
6.549	46.387
6.587	47.607
6.618	40.283
6.648	45.166
6.653	54.932
6.660	46.387
6.715	42.725
6.748	45.776
6.781	42.114
6.815	36.621
6.848	40.894
6.854	41.504
6.878	44.556
6.911	42.725
6.956	45.776
6.983	45.776
7.017	45.776
7.046	46.387
7.049	45.166
7.054	45.166
7.078	46.997
7.104	44.556
7.138	46.387
7.170	41.504
7.204	47.607
7.230	51.270
7.236	50.659
7.259	51.270
7.294	45.166
7.328	43.945
7.354	39.062
7.386	45.166
7.418	46.387
7.460	43.335
7.464	46.997
7.475	45.166
7.516	46.387
7.547	43.945
7.550	46.387
7.554	47.607
7.578	48.828
7.605	48.218
7.638	45.166
7.643	31.738
7.668	46.387
7.712	43.945
7.743	46.387
7.774	47.607
7.778	40.283
7.785	43.335
7.832	41.504
7.881	46.387
7.921	53.711
7.924	43.335
7.928	45.776
7.952	42.725
7.979	45.166
8.013	51.880
8.046	40.894
8.049	45.776
8.057	45.166
8.085	45.776
8.120	47.607
8.147	42.725
8.151	46.387
8.159	45.166
8.207	46.387
8.251	34.790
8.285	48.218
8.290	46.387
8.314	45.776
8.343	46.387
8.375	45.776
8.408	42.725
8.440	42.725
8.445	42.114
8.472	46.997
8.517	45.166
8.544	45.166
8.574	48.218
8.604	46.387
8.638	42.114
8.643	43.335
8.688	45.166
8.709	45.776
8.713	36.011
8.717	44.556
8.725	46.387
8.762	43.945
8.791	45.166
8.822	52.490
8.851	42.725
8.856	46.387
8.880	40.894
8.928	39.673
8.960	43.945
8.964	38.452
8.967	46.997
8.992	43.945
9.036	42.114
9.081	43.945
9.086	45.776
9.097	41.504
9.142	51.270
9.171	43.945
9.205	47.607
9.233	43.945
9.238	43.335
9.262	42.114
9.294	42.725
9.328	47.607
9.355	45.776
9.389	44.556
9.422	43.335
9.451	45.776
9.458	46.387
9.492	45.776
9.497	39.062
9.502	43.945
9.525	46.387
9.529	42.725
9.554	40.283
9.598	31.128
9.631	43.945
9.635	45.166
9.639	42.725
9.664	42.114
9.708	42.114
9.732	43.335
9.766	33.569
9.793	39.062
9.827	43.335
9.858	42.114
9.863	40.283
9.889	43.335
9.928	45.776
9.960	44.556
10.001	39.673
10.025	44.556
10.030	47.607
10.053	42.725
10.108	41.504
10.138	44.556
10.142	40.894
10.147	41.504
10.171	46.997
10.201	46.997
10.233	43.335
10.262	43.335
10.267	43.335
10.293	43.945
10.337	42.725
10.369	49.438
10.400	44.556
10.405	45.166
10.413	42.725
10.478	29.907
10.512	43.335
10.544	42.725
10.577	50.049
10.611	40.894
10.645	43.335
10.650	39.673
10.674	40.283
10.709	46.997
10.714	42.114
10.717	45.166
10.722	40.283
10.746	43.945
10.779	44.556
10.810	52.490
10.842	42.725
10.847	41.504
10.872	31.738
10.905	43.945
10.935	48.218
10.965	45.776
11.000	42.114
11.034	43.945
11.039	44.556
11.064	42.725
11.104	32.959
11.108	40.894
11.115	42.114
11.157	38.452
11.204	44.556
11.233	43.945
11.237	39.673
11.262	43.945
11.292	45.166
11.326	44.556
11.357	40.283
11.388	43.945
11.421	43.335
11.452	42.114
11.457	38.452
11.483	44.556
11.514	42.114
11.543	45.776
11.584	43.945
11.630	46.387
11.668	44.556
11.673	41.504
11.697	43.945
11.732	42.114
11.766	39.673
11.794	40.283
11.828	43.945
11.855	40.283
11.860	40.283
11.885	43.335
11.890	41.504
11.897	38.452
11.928	40.283
11.932	45.166
11.940	36.621
11.981	42.725
11.985	37.842
11.993	40.894
12.026	37.842
12.058	40.283
12.063	40.283
12.088	29.907
12.129	36.011
12.159	31.738
12.188	42.725
12.222	40.283
12.256	43.335
12.260	42.725
12.269	40.894
12.309	51.270
12.314	43.335
12.339	42.114
12.371	42.725
12.405	42.725
12.439	40.283
12.444	45.776
12.471	37.842
12.515	43.945
12.546	39.673
12.550	45.776
12.554	43.335
12.578	50.049
12.608	46.387
12.642	33.569
12.647	46.997
12.672	39.062
12.710	40.894
12.751	39.673
12.772	51.880
12.776	43.945
12.780	40.894
12.805	50.049
12.844	42.114
12.849	42.114
12.874	46.387
12.918	42.725
12.948	44.556
12.979	37.842
12.983	42.725
12.991	41.504
13.022	49.438
13.027	43.945
13.036	41.504
13.095	46.997
13.129	43.335
13.168	40.894
13.201	42.114
13.233	43.945
13.264	41.504
13.269	45.166
13.294	45.166
13.335	40.283
13.370	40.283
13.398	45.166
13.403	42.114
13.427	40.283
13.476	44.556
13.481	43.945
13.506	39.062
13.546	36.621
13.577	43.945
13.605	40.894
13.646	44.556
13.651	42.114
13.675	40.283
13.735	47.607
13.765	38.452
13.769	45.166
13.777	46.997
13.803	41.504
13.808	48.828
13.820	42.725
13.879	48.218
13.917	42.114
13.959	50.659
13.963	42.114
13.967	42.114
13.975	42.114
14.018	39.673
14.047	40.894
14.051	42.725
14.057	43.945
14.080	39.062
14.107	41.504
14.140	45.166
14.170	42.114
14.204	42.725
14.231	42.725
14.236	46.997
14.261	30.518
14.305	42.725
14.337	44.556
14.340	41.504
14.344	42.114
14.369	44.556
14.403	43.335
14.433	43.945
14.439	40.894
14.465	42.725
14.497	41.504
14.529	37.231
14.560	39.673
14.591	45.166
14.626	43.945
14.660	42.725
14.665	44.556
14.689	40.894
14.733	36.621
14.763	28.687
14.767	42.114
14.774	39.673
14.805	40.283
14.837	40.283
14.841	42.114
14.846	43.335
14.891	38.452
14.922	42.114
14.953	46.387
14.984	42.114
14.988	43.335
14.993	39.062
15.016	41.504
15.044	41.504
15.048	41.504
15.058	38.452
15.088	43.335
15.092	43.335
15.096	43.335
15.121	44.556
15.155	31.738
15.189	43.945
15.219	43.335
15.248	40.283
15.253	40.894
15.288	40.283
15.320	40.283
15.351	42.725
15.355	38.452
15.363	46.997
15.398	47.607
15.429	40.894
15.462	43.945
15.466	38.452
15.470	43.945
15.515	45.776
15.546	42.114
15.549	38.452
15.553	40.283
15.578	34.790
15.606	48.828
15.637	47.607
15.642	42.114
15.668	42.725
15.713	40.894
15.743	41.504
15.775	40.894
15.806	41.504
15.811	42.114
15.818	40.894
15.881	39.673
15.907	42.114
15.938	43.945
15.969	42.725
16.001	42.725
16.032	40.894
16.063	39.673
16.068	37.231
16.092	50.659
16.133	39.062
16.164	40.283
16.168	43.335
16.174	40.894
16.212	41.504
16.243	40.283
16.248	36.011
16.255	42.114
16.297	41.504
16.300	41.504
16.304	39.062
16.330	43.945
16.357	41.504
16.391	45.776
16.418	42.725
16.455	43.335
16.460	43.945
16.471	42.114
16.532	42.114
16.562	45.166
16.596	43.945
16.632	40.894
16.672	48.828
16.676	42.725
16.684	39.062
16.718	40.283
16.747	44.556
16.775	40.894
16.806	45.776
16.811	45.166
16.823	38.452
16.873	40.283
16.907	32.349
16.941	36.621
16.980	50.049
17.013	39.673
17.047	43.335
17.050	39.673
17.058	41.504
17.087	40.894
17.118	39.673
17.150	44.556
17.154	42.114
17.160	38.452
17.183	49.438
17.219	41.504
17.251	43.945
17.256	39.062
17.263	43.335
17.294	48.828
17.297	43.945
17.301	37.842
17.326	43.945
17.359	37.231
17.393	43.945
17.422	40.894
17.458	39.673
17.462	39.673
17.488	39.062
17.533	37.231
17.568	42.114
17.608	38.452
17.641	45.776
17.646	40.894
17.669	30.518
17.673	39.673
17.698	31.738
17.730	39.673
17.766	43.945
17.795	41.504
17.827	48.828
17.859	42.114
17.864	42.725
17.889	37.231
17.931	42.114
17.960	39.062
17.991	39.062
18.025	42.725
18.055	43.945
18.060	42.114
18.086	30.518
18.131	40.283
18.162	41.504
18.193	38.452
18.225	44.556
18.257	46.997
18.262	37.842
18.267	46.387
18.291	37.231
18.332	31.128
18.357	39.673
18.387	40.894
18.421	41.504
18.452	40.894
18.458	40.283
18.495	39.062
18.523	43.335
18.527	40.283
18.535	29.907
18.576	34.790
18.607	42.114
18.612	40.894
18.624	39.062
18.671	40.283
18.705	43.335
18.732	44.556
18.764	41.504
18.796	39.062
18.828	41.504
18.856	36.011
18.861	40.283
18.897	34.790
18.928	39.673
18.932	39.062
18.939	42.114
18.982	40.283
19.013	46.387
19.018	37.231
19.027	41.504
19.074	40.283
19.106	39.673
19.140	42.114
19.168	40.894
19.172	36.011
19.177	40.283
19.204	37.842
19.232	41.504
19.237	42.114
19.273	48.828
19.304	41.504
19.308	40.894
19.316	40.283
19.358	49.438
19.362	42.114
19.367	42.114
19.390	42.114
19.420	33.569
19.456	42.114
19.461	40.894
19.489	37.842
19.534	35.400
19.569	40.894
19.609	40.283
19.644	42.725
19.649	39.673
19.674	41.504
19.713	45.166
19.744	42.114
19.748	40.283
19.756	45.776
19.797	40.894
19.802	42.114
19.806	37.842
19.831	29.907
19.836	39.673
19.861	43.945
19.899	39.062
19.933	39.673
19.937	39.673
19.945	40.283
19.977	40.283
20.008	39.062
20.043	36.621
20.047	40.283
20.051	37.231
20.088	40.894
20.119	38.452
20.123	36.621
20.130	47.607
20.172	39.673
20.204	40.894
20.209	36.621
20.233	34.180
20.269	41.504
20.273	40.283
20.299	38.452
20.334	39.673
20.359	45.166
20.388	40.283
20.419	45.776
20.454	36.621
20.460	40.283
20.497	39.062
20.525	47.607
20.529	40.283
20.537	43.335
20.570	40.283
20.601	39.062
20.606	40.283
20.631	37.842
20.672	42.725
20.675	42.114
20.681	41.504
20.705	41.504
20.732	41.504
20.763	50.659
20.796	41.504
20.831	38.452
20.860	43.945
20.865	46.387
20.890	39.673
20.921	40.283
20.956	39.062
20.983	40.283
21.015	41.504
21.045	43.335
21.050	40.283
21.058	39.673
21.087	42.725
21.119	38.452
21.147	40.894
21.151	40.283
21.159	40.283
21.201	36.621
21.232	40.283
21.237	42.114
21.245	28.687
21.294	39.062
21.326	37.231
21.358	38.452
21.392	36.621
21.422	39.673
21.456	41.504
21.460	46.387
21.497	43.335
21.525	42.114
21.556	38.452
21.587	46.997
21.618	42.725
21.650	34.790
21.655	39.673
21.663	39.673
21.704	39.062
21.709	30.518
21.734	39.673
21.768	45.166
21.796	36.011
21.831	43.945
21.860	39.673
21.865	39.673
21.890	35.400
21.922	40.894
21.957	39.062
22.003	40.283
22.034	40.283
22.039	39.673
22.065	39.673
22.110	39.062
22.141	39.062
22.145	39.062
22.172	40.283
22.176	36.621
22.180	40.894
22.188	41.504
22.219	39.673
22.269	39.673
22.273	37.842
22.298	40.894
22.334	41.504
22.380	40.283
22.421	39.062
22.455	42.114
22.462	39.062
22.498	40.894
22.522	43.335
22.526	40.283
22.534	39.673
22.577	39.673
22.581	34.180
22.588	41.504
22.621	39.062
22.649	37.842
22.654	39.673
22.662	40.283
22.724	38.452
22.756	38.452
22.794	39.062
22.827	39.062
22.860	41.504
22.864	45.776
22.889	40.283
22.894	31.738
22.906	40.283
22.935	43.335
22.958	43.945
22.962	37.842
22.965	39.673
22.973	38.452
23.006	43.945
23.039	36.621
23.044	37.842
23.070	37.842
23.105	36.621
23.139	36.621
23.169	42.725
23.200	37.231
23.233	37.842
23.267	39.062
23.272	40.894
23.297	39.673
23.333	39.062
23.337	39.062
23.340	48.828
23.346	28.076
23.371	42.114
23.413	40.283
23.455	37.842
23.460	40.894
23.489	36.621
23.493	29.297
23.518	38.452
23.545	31.128
23.580	40.283
23.608	40.894
23.639	40.283
23.644	40.283
23.670	39.673
23.712	45.776
23.743	41.504
23.747	44.556
23.755	35.400
23.797	39.062
23.835	39.062
23.872	36.621
23.876	40.283
23.884	39.673
23.916	32.959
23.920	29.297
23.923	39.673
23.949	45.776
23.981	39.062
24.012	36.621
24.045	39.062
24.049	40.283
24.057	42.725
24.108	37.231
24.142	39.062
24.171	38.452
24.207	47.607
24.236	38.452
24.240	44.556
24.265	34.790
24.295	35.400
24.331	40.894
24.359	37.842
24.393	36.621
24.422	39.062
24.457	39.673
24.462	39.062
24.489	40.283
24.524	39.062
24.529	48.828
24.535	36.011
24.558	40.283
24.590	39.062
24.623	40.283
24.658	39.673
24.663	40.283
24.698	39.673
24.729	34.180
24.761	42.725
24.765	38.452
24.773	36.011
24.804	40.894
24.809	39.673
24.822	37.842
24.873	41.504
24.905	38.452
24.936	37.842
24.968	38.452
25.001	38.452
25.033	40.283
25.038	40.283
25.064	40.283
25.106	40.283
25.137	36.621
25.170	46.387
25.173	38.452
25.178	35.400
25.205	39.062
25.234	42.114
25.239	37.842
25.251	29.297
25.273	29.297
25.304	40.894
25.338	26.855
25.370	37.842
25.401	41.504
25.432	39.062
25.436	40.283
25.466	25.635
25.501	36.011
25.532	30.518
25.563	37.842
25.595	38.452
25.630	39.062
25.669	39.062
25.673	39.673
25.683	40.283
25.711	42.114
25.714	42.114
25.719	44.556
25.745	41.504
25.787	40.894
25.819	28.687
25.852	43.335
25.857	40.894
25.882	37.231
25.919	40.283
25.951	42.114
25.984	39.062
26.017	39.062
26.047	40.283
26.051	39.062
26.059	39.673
26.086	40.894
26.118	39.673
26.122	37.842
26.129	41.504
26.170	37.842
26.206	31.738
26.256	39.062
26.297	37.842
26.302	36.011
26.310	35.400
26.332	38.452
26.336	40.283
26.339	27.466
26.345	36.621
26.370	40.283
26.408	38.452
26.441	39.673
26.445	44.556
26.474	45.166
26.522	45.166
26.554	38.452
26.558	37.231
26.563	36.621
26.588	39.062
26.626	39.673
26.662	29.297
26.666	38.452
26.675	46.997
26.732	29.907
26.764	38.452
26.794	41.504
26.827	36.011
26.860	37.842
26.865	43.335
26.891	35.400
26.933	37.231
26.963	39.062
26.966	40.283
26.971	42.114
26.997	38.452
27.032	39.673
27.063	38.452
27.069	37.842
27.095	37.231
27.131	39.673
27.172	36.621
27.206	40.894
27.234	40.283
27.239	46.997
27.264	45.166
27.306	37.842
27.337	37.231
27.366	39.062
27.370	37.231
27.378	36.621
27.421	40.283
27.453	35.400
27.458	40.283
27.485	36.011
27.521	40.283
27.525	32.959
27.529	39.673
27.555	39.062
27.598	48.218
27.644	46.997
27.671	44.556
27.675	48.828
27.682	36.011
27.712	36.621
27.716	37.842
27.720	38.452
27.746	39.062
27.781	41.504
27.817	39.062
27.858	44.556
27.862	39.673
27.889	36.621
27.932	39.673
27.962	36.011
27.994	34.180
28.023	37.842
28.028	36.011
28.041	40.283
28.091	37.842
28.128	36.621
28.159	39.673
28.194	38.452
28.231	34.790
28.263	36.011
28.268	36.621
28.294	39.673
28.337	40.283
28.369	42.725
28.373	37.231
28.381	42.725
28.413	29.297
28.418	39.673
28.424	40.283
28.482	39.673
28.517	38.452
28.547	38.452
28.580	38.452
28.608	34.180
28.644	36.011
28.648	40.283
28.674	42.114
28.710	41.504
28.742	37.842
28.746	37.842
28.754	34.790
28.788	36.011
28.820	40.894
28.852	40.283
28.857	34.790
28.866	40.283
28.919	34.790
28.954	43.945
28.982	40.283
29.018	38.452
29.047	39.673
29.052	39.062
29.078	38.452
29.107	42.114
29.138	39.062
29.172	37.842
29.206	41.504
29.232	39.673
29.236	40.283
29.262	39.062
29.306	38.452
29.337	38.452
29.369	39.062
29.398	44.556
29.430	39.062
29.435	29.297
29.463	37.842
29.507	36.011
29.539	36.011
29.571	42.114
29.603	37.231
29.608	39.673
29.634	29.297
29.680	39.062
29.713	32.349
29.745	42.114
29.774	32.959
29.778	36.011
29.786	40.283
29.831	34.180
29.873	38.452
29.877	36.621
29.904	37.842
29.939	31.738
29.971	39.673
30.006	39.673
30.044	35.400
30.048	38.452
30.054	47.607
30.080	35.400
30.084	37.231
30.109	36.011
30.144	27.466
30.171	37.231
30.206	37.231
30.234	39.673
30.239	39.062
30.265	38.452
30.304	36.011
30.337	34.790
30.340	34.790
30.345	39.673
30.371	37.842
30.407	39.062
30.441	36.621
30.446	42.114
30.474	26.245
30.479	36.011
30.484	42.725
30.508	34.180
30.546	39.062
30.578	37.231
30.607	36.621
30.641	36.011
30.646	37.842
30.673	37.231
30.713	38.452
30.745	39.673
30.749	37.231
30.756	39.673
30.790	35.400
30.822	35.400
30.827	45.166
30.834	39.673
30.892	30.518
30.921	37.842
30.953	39.673
30.982	34.790
31.015	35.400
31.046	40.283
31.049	37.231
31.057	40.283
31.087	40.283
31.119	40.283
31.148	43.945
31.153	39.673
31.160	37.842
31.198	40.283
31.229	32.959
31.234	39.673
31.259	37.842
31.308	39.062
31.338	37.842
31.370	25.635
31.374	40.283
31.379	32.959
31.403	37.842
31.435	40.894
31.467	36.011
31.472	38.452
31.480	31.738
31.514	39.062
31.518	40.283
31.526	33.569
31.558	39.673
31.588	43.945
31.620	37.231
31.649	38.452
31.654	38.452
31.679	42.114
31.741	38.452
31.774	44.556
31.778	40.283
31.785	39.062
31.829	46.387
31.872	32.959
31.877	36.621
31.885	36.621
31.916	42.725
31.921	37.842
31.924	46.387
31.951	32.959
31.983	38.452
32.019	45.166
32.066	37.231
32.071	37.231
32.107	47.607
32.139	37.842
32.143	34.790
32.151	36.621
32.178	35.400
32.182	40.283
32.190	41.504
32.236	34.790
32.267	32.959
32.271	37.842
32.298	26.855
32.335	37.231
32.381	34.180
32.422	34.790
32.459	32.349
32.464	26.855
32.471	37.842
32.508	36.011
32.512	39.062
32.516	38.452
32.543	37.231
32.578	37.842
32.607	29.297
32.640	37.842
32.644	39.062
32.672	37.231
32.711	39.062
32.743	38.452
32.747	36.011
32.755	37.842
32.797	38.452
32.831	45.776
32.873	37.231
32.877	26.245
32.904	37.231
32.939	31.738
32.969	34.790
33.002	37.231
33.035	36.011
33.040	36.621
33.066	42.725
33.107	47.607
33.142	37.842
33.172	44.556
33.210	34.790
33.256	39.673
33.261	37.231
33.269	40.894
33.312	37.842
33.317	34.790
33.324	36.011
33.357	39.673
33.386	32.959
33.418	36.011
33.450	37.231
33.455	41.504
33.466	32.959
33.518	36.011
33.547	32.349
33.582	39.062
33.629	38.452
33.664	35.400
33.669	38.452
33.710	37.842
33.742	40.283
33.746	37.842
33.752	35.400
33.775	36.011
33.819	40.894
33.848	37.231
33.853	42.114
33.879	24.414
33.932	35.400
33.962	40.283
33.994	37.231
34.024	39.062
34.055	40.283
34.060	34.790
34.086	40.283
34.147	37.231
34.179	36.621
34.213	37.842
34.245	36.621
34.250	34.180
34.275	39.062
34.321	37.842
34.353	39.062
34.357	34.180
34.365	40.283
34.398	33.569
34.430	37.231
34.460	42.114
34.464	35.400
34.470	39.062
34.497	36.011
34.532	32.959
34.565	36.621
34.601	38.452
34.648	37.842
34.653	38.452
34.679	36.621
34.730	37.231
34.762	33.569
34.795	39.673
34.798	36.011
34.802	39.062
34.829	45.166
34.834	39.062
34.859	36.011
34.898	38.452
34.930	24.414
34.934	39.062
34.942	40.894
34.985	35.400
35.022	34.180
35.054	42.114
35.060	36.011
35.088	36.621
35.123	40.894
35.155	35.400
35.187	36.011
35.235	35.400
35.266	40.283
35.271	31.128
35.308	36.621
35.312	33.569
35.321	43.945
35.356	28.687
35.388	37.231
35.392	34.790
35.400	33.569
35.433	33.569
35.463	37.842
35.467	30.518
35.472	42.114
35.508	34.790
35.542	39.062
35.570	38.452
35.574	36.621
35.582	37.842
35.627	41.504
35.651	40.894
35.656	37.842
35.682	48.218
35.725	32.349
35.772	39.673
35.810	37.842
35.846	37.231
35.851	39.673
35.888	31.738
35.921	39.673
35.953	35.400
35.985	35.400
35.989	36.621
35.997	34.790
36.023	24.414
36.029	34.790
36.055	39.673
36.100	40.283
36.132	38.452
36.170	37.842
36.206	37.231
36.236	39.062
36.241	37.231
36.267	37.842
36.304	39.062
36.338	35.400
36.371	37.231
36.401	35.400
36.433	38.452
36.438	35.400
36.466	38.452
36.504	39.673
36.507	45.166
36.512	45.776
36.539	41.504
36.578	35.400
36.609	41.504
36.645	37.231
36.650	34.790
36.676	33.569
36.731	36.011
36.735	34.180
36.743	34.790
36.773	44.556
36.806	30.518
36.837	37.842
36.841	36.011
36.845	39.673
36.887	35.400
36.920	37.231
36.952	37.842
36.985	32.959
36.989	32.959
36.997	34.180
37.022	32.959
37.027	34.180
37.054	37.231
37.105	37.231
37.110	36.011
37.118	39.062
37.147	31.128
37.180	33.569
37.213	25.024
37.246	36.621
37.251	37.842
37.277	25.635
37.319	32.959
37.361	35.400
37.365	33.569
37.370	39.062
37.377	39.673
37.381	37.231
37.386	33.569
37.392	35.400
37.397	36.011
37.406	28.076
37.410	39.673
37.419	37.231
37.422	36.621
37.427	33.569
37.434	34.790
37.438	37.842
37.446	35.400
37.450	37.231
37.456	43.335
37.463	33.569
37.467	25.635
37.475	37.231
37.479	28.687
37.484	34.790
37.492	37.231
37.496	37.231
37.506	36.621
37.509	40.894
37.514	34.180
37.522	34.790
37.527	39.062
37.532	34.790
37.538	37.842
37.544	33.569
37.551	37.842
37.555	38.452
37.563	36.621
37.567	34.790
37.575	35.400
37.579	36.621
37.584	40.283
37.591	36.621
37.595	34.180
37.600	36.621
37.607	36.621
37.611	35.400
37.620	37.231
37.624	36.011
37.633	39.062
37.636	36.621
37.642	35.400
37.649	42.114
37.654	35.400
37.662	37.231
37.667	35.400
37.674	39.062
37.678	40.283
37.684	36.011
37.690	36.011
37.695	37.231
37.703	35.400
37.707	36.011
37.715	41.504
37.719	37.231
37.723	36.621
37.731	37.231
37.736	42.114
37.743	36.621
37.747	36.621
37.752	37.842
37.759	36.011
37.764	36.011
37.772	37.842
37.777	39.062
37.782	32.349
37.789	33.569
37.794	38.452
37.801	30.518
37.806	41.504
37.815	36.011
37.819	34.790
37.827	41.504
37.831	38.452
37.839	36.011
37.842	37.231
37.846	40.894
37.855	36.011
37.859	36.011
37.863	35.400
37.870	34.790
37.875	41.504
37.882	39.062
37.886	38.452
37.890	34.180
37.898	46.387
37.903	36.621
37.911	38.452
37.915	35.400
37.922	36.621
37.926	25.024
37.930	34.790
37.938	39.062
37.942	34.180
37.950	32.959
37.955	31.738
37.959	37.842
37.966	40.283
37.970	36.011
37.974	39.673
37.982	34.790
37.987	34.790
37.994	36.621
37.999	41.504
38.006	40.283
38.011	37.842
38.016	34.790
38.024	38.452
38.028	39.673
38.036	36.621
38.040	37.842
38.047	32.349
38.051	42.725
38.055	37.842
38.064	37.842
38.068	36.621
38.072	42.114
38.079	43.945
38.084	37.842
38.090	37.231
38.095	36.011
38.099	26.245
38.106	37.231
38.111	34.790
38.118	33.569
38.122	37.842
38.127	37.842
38.133	37.842
38.138	38.452
38.144	37.231
38.150	37.842
38.155	36.011
38.162	38.452
38.167	35.400
38.172	37.231
38.178	32.959
38.182	45.166
38.190	36.621
38.194	37.231
38.198	43.335
38.207	35.400
38.214	33.569
38.219	40.894
38.223	38.452
38.230	37.231
38.235	41.504
38.243	36.011
38.248	43.945
38.252	36.011
38.259	39.673
38.263	37.231
38.269	34.180
38.275	39.673
38.279	32.959
38.287	39.062
38.292	38.452
38.296	37.842
38.303	35.400
38.307	32.959
38.315	35.400
38.319	34.180
38.327	37.231
38.332	37.842
38.336	33.569
38.342	37.231
38.347	34.180
38.355	37.842
38.359	36.011
38.367	37.231
38.372	35.400
38.376	44.556
38.383	37.231
38.387	37.842
38.391	35.400
38.399	26.245
38.403	35.400
38.412	39.673
38.416	36.011
38.422	36.011
38.428	38.452
38.432	39.062
38.440	32.959
38.444	33.569
38.453	30.518
38.457	43.335
38.462	37.842
38.468	35.400
38.472	36.621
38.480	33.569
38.484	36.621
38.492	36.621
38.497	36.011
38.501	29.907
38.508	39.062
38.512	34.180
38.517	36.621
38.524	35.400
38.528	40.894
38.536	35.400
38.540	34.790
38.544	36.621
38.551	37.842
38.555	37.231
38.563	38.452
38.567	38.452
38.573	36.011
38.579	36.011
38.584	36.621
38.591	26.855
38.595	39.673
38.600	33.569
38.608	38.452
38.613	37.231
38.621	36.011
38.625	37.842
38.632	29.297
38.637	34.790
38.641	36.011
38.648	36.621
38.653	40.894
38.661	39.062
38.665	34.790
38.669	31.128
38.676	43.335
38.681	44.556
38.689	34.790
38.693	36.011
38.701	34.790
38.705	41.504
38.710	37.842
38.716	39.062
38.721	36.621
38.728	42.114
38.735	38.452
38.739	30.518
38.744	39.062
38.751	33.569
38.756	33.569
38.760	36.011
38.767	35.400
38.771	41.504
38.779	36.011
38.784	37.842
38.793	37.842
38.797	40.894
38.800	37.231
38.808	37.231
38.813	34.180
38.818	29.907
38.827	34.180
38.839	39.062
38.842	40.283
38.846	40.283
38.854	32.349
38.858	42.114
38.863	35.400
38.871	37.231
38.875	34.790
38.882	38.452
38.887	31.128
38.893	36.011
38.899	38.452
38.903	33.569
38.911	35.400
38.915	32.349
38.920	24.414
38.927	34.790
38.932	38.452
38.940	36.621
38.944	40.283
38.952	36.621
38.957	36.621
38.964	37.842
38.968	37.231
38.973	36.011
38.981	32.959
38.986	34.180
38.993	35.400
38.997	37.842
39.002	39.062
39.009	36.621
39.013	36.011
39.022	39.062
39.026	35.400
39.034	45.166
39.039	38.452
39.047	38.452
39.050	30.518
39.054	35.400
39.062	37.231
39.066	39.673
39.071	36.011
39.078	36.011
39.083	43.945
39.089	45.166
39.093	45.776
39.097	36.011
39.105	39.673
39.110	37.842
39.118	36.621
39.122	36.621
39.126	36.621
39.133	34.790
39.138	26.855
39.143	34.790
39.149	34.790
39.154	38.452
39.162	34.180
39.167	32.959
39.172	38.452
39.178	29.907
39.183	34.180
39.191	39.062
39.195	37.842
39.204	36.011
39.209	36.621
39.216	36.621
39.220	31.738
39.225	45.166
39.231	30.518
39.235	35.400
39.243	33.569
39.247	44.556
39.252	36.011
39.259	36.621
39.263	32.959
39.269	35.400
39.275	45.166
39.280	35.400
39.288	45.776
39.292	38.452
39.299	37.842
39.304	24.414
39.308	32.959
39.316	34.790
39.320	36.621
39.328	40.283
39.332	36.621
39.339	35.400
39.343	43.335
39.351	37.842
39.355	34.790
39.360	34.790
39.368	36.011
39.373	32.959
39.381	36.621
39.384	37.231
39.389	35.400
39.396	36.011
39.401	40.894
39.408	39.673
39.413	32.959
39.419	44.556
39.425	42.114
39.430	34.790
39.437	36.621
39.441	39.673
39.446	39.673
39.453	39.062
39.458	39.062
39.465	37.842
39.469	36.011
39.473	35.400
39.480	35.400
39.485	39.673
39.492	36.621
39.498	37.231
39.505	29.907
39.509	24.414
39.516	32.349
39.520	27.466
39.528	37.231
39.534	28.076
39.539	34.790
39.544	35.400
39.550	36.011
39.554	35.400
39.561	36.011
39.566	31.738
39.574	39.062
39.578	34.790
39.583	37.842
39.589	36.621
39.594	31.738
39.599	35.400
39.606	43.945
39.610	34.790
39.619	34.790
39.623	34.790
39.631	32.959
39.635	33.569
39.642	36.621
39.647	37.842
39.656	37.231
39.660	32.959
39.666	32.349
39.672	37.231
39.675	32.349
39.681	40.283
39.687	37.842
39.692	40.894
39.701	36.011
39.705	37.842
39.709	35.400
39.716	37.842
39.721	43.335
39.726	34.790
39.732	42.725
39.736	34.790
39.744	37.842
39.748	34.790
39.753	36.621
39.760	35.400
39.764	39.062
39.772	36.011
39.776	36.621
39.780	36.621
39.787	37.842
39.792	37.842
39.799	37.842
39.804	37.231
39.811	34.790
39.817	36.011
39.822	37.231
39.830	36.011
39.835	37.842
39.840	44.556
39.844	34.790
39.850	40.894
39.856	33.569
39.861	35.400
39.869	42.114
39.873	34.180
39.878	45.166
39.884	37.842
39.889	33.569
39.897	26.245
39.902	36.621
39.910	33.569
39.914	36.621
39.919	37.842
39.925	24.414
39.929	37.231
39.937	23.804
39.941	35.400
39.946	42.114
39.954	40.283
39.959	36.011
39.966	33.569
39.970	42.114
39.975	36.621
39.982	37.842
39.987	34.180
39.994	39.673
39.998	43.335
40.003	36.011
40.010	37.231
40.014	33.569
40.023	36.011
40.027	39.062
40.035	39.673
40.039	36.621
40.044	35.400
40.050	40.283
40.055	37.231
40.062	36.621
40.066	42.725
40.071	37.842
40.079	26.855
40.083	39.062
40.089	38.452
40.094	34.790
40.099	37.842
40.108	34.790
40.111	36.011
40.116	37.231
40.124	36.011
40.128	38.452
40.135	34.790
40.139	36.621
40.144	39.062
40.153	25.635
40.157	30.518
40.165	35.400
40.170	38.452
40.173	34.790
40.182	36.621
40.186	37.842
40.194	38.452
40.198	36.011
40.203	42.114
40.212	26.855
40.215	36.621
40.220	32.349
40.228	37.231
40.239	35.400
40.246	37.231
40.254	34.790
40.258	36.621
40.262	43.335
40.270	33.569
40.274	31.738
40.278	38.452
40.286	38.452
40.290	32.959
40.297	36.011
40.302	35.400
40.306	36.011
40.314	31.738
40.318	36.011
40.327	33.569
40.331	34.790
40.336	43.945
40.342	42.114
40.347	34.180
40.355	37.231
40.359	36.621
40.363	37.231
40.371	32.959
40.375	45.166
40.379	37.231
40.386	37.231
40.391	39.062
40.398	37.231
40.403	37.231
40.408	38.452
40.416	38.452
40.421	38.452
40.424	34.790
40.432	32.349
40.436	35.400
40.441	36.011
40.449	36.621
40.453	40.894
40.461	32.959
40.464	36.621
40.469	36.621
40.475	36.011
40.481	37.842
40.485	34.180
40.493	43.335
40.502	35.400
40.506	36.621
40.510	34.790
40.517	42.114
40.522	42.725
40.530	32.349
40.534	37.842
40.539	38.452
40.547	32.349
40.551	32.349
40.557	38.452
40.563	29.907
40.567	36.621
40.575	34.790
40.579	38.452
40.584	48.828
40.591	36.011
40.595	36.011
40.600	38.452
40.607	31.738
40.612	37.231
40.620	39.673
40.626	42.725
40.633	39.062
40.637	33.569
40.642	32.959
40.650	39.673
40.654	26.855
40.662	35.400
40.667	33.569
40.671	35.400
40.679	36.011
40.683	37.231
40.691	42.725
40.696	39.062
40.703	39.673
40.707	36.621
40.715	45.776
40.719	32.959
40.724	36.621
40.731	36.621
40.738	32.959
40.743	35.400
40.749	39.062
40.756	30.518
40.760	44.556
40.768	38.452
40.776	36.011
40.780	34.790
40.785	32.349
40.793	36.621
40.797	36.621
40.801	32.959
40.810	34.180
40.814	33.569
40.823	40.894
40.827	36.621
40.831	37.842
40.839	34.180
40.843	36.011
40.847	32.959
40.856	34.180
40.860	45.776
40.868	35.400
40.872	35.400
40.877	34.180
40.884	36.621
40.889	36.621
40.897	32.959
40.901	36.621
40.905	39.062
40.913	43.335
40.918	35.400
40.925	42.725
40.929	34.180
40.934	37.842
40.942	38.452
40.946	34.180
40.953	37.231
40.959	37.842
40.963	32.959
40.967	38.452
40.974	33.569
40.978	32.959
40.986	26.855
40.990	35.400
40.994	38.452
41.003	36.011
41.007	36.011
41.013	37.231
41.020	37.231
41.025	31.738
41.033	34.790
41.038	36.011
41.046	36.011
41.049	33.569
41.053	36.011
41.058	37.231
41.064	26.855
41.071	32.959
41.077	36.621
41.081	32.349
41.089	31.128
41.093	37.842
41.100	41.504
41.108	36.621
41.113	37.842
41.117	35.400
41.125	26.245
41.129	45.166
41.132	39.062
41.140	34.790
41.145	34.790
41.154	26.245
41.158	29.907
41.166	40.894
41.171	39.062
41.174	36.011
41.182	42.114
41.186	35.400
41.191	33.569
41.199	32.349
41.204	33.569
41.213	39.062
41.217	37.842
41.221	42.725
41.229	24.414
41.235	35.400
41.245	38.452
41.250	34.790
41.257	33.569
41.261	34.790
41.265	26.855
41.273	43.335
41.277	39.062
41.281	35.400
41.289	36.011
41.294	36.011
41.302	37.231
41.306	34.790
41.310	28.076
41.318	35.400
41.322	36.621
41.326	37.231
41.335	35.400
41.339	36.011
41.344	25.635
41.351	42.725
41.356	39.673
41.364	37.231
41.369	32.959
41.373	36.621
41.381	39.062
41.384	39.062
41.389	35.400
41.397	39.062
41.402	35.400
41.410	43.335
41.415	36.011
41.423	36.011
41.428	34.180
41.434	39.673
41.440	40.283
41.445	34.790
41.453	36.011
41.457	35.400
41.462	34.790
41.469	34.790
41.473	33.569
41.480	38.452
41.486	26.245
41.490	37.231
41.500	36.621
41.504	34.180
41.508	36.011
41.516	44.556
41.520	34.180
41.525	36.621
41.532	37.231
41.538	36.621
41.546	32.349
41.549	40.283
41.553	37.231
41.561	42.114
41.565	42.725
41.573	37.231
41.578	31.128
41.582	39.673
41.590	39.062
41.594	39.062
41.600	36.621
41.607	22.583
41.612	37.231
41.621	36.621
41.625	37.231
41.632	36.621
41.636	36.621
41.641	39.062
41.670	32.959
41.675	36.621
41.680	35.400
41.687	40.894
41.692	37.842
41.699	31.738
41.703	34.790
41.708	42.725
41.715	40.894
41.719	37.842
41.725	38.452
41.731	36.621
41.736	35.400
41.743	44.556
41.747	31.738
41.752	39.673
41.759	36.011
41.763	37.231
41.771	37.842
41.776	37.231
41.780	36.621
41.788	33.569
41.792	34.180
41.798	43.335
41.803	32.959
41.812	39.673
41.817	34.790
41.822	37.231
41.829	35.400
41.834	39.673
41.842	35.400
41.846	39.062
41.853	31.128
41.858	36.621
41.866	36.621
41.871	37.842
41.878	35.400
41.882	35.400
41.890	39.673
41.894	38.452
41.898	34.790
41.906	31.738
41.911	38.452
41.916	34.790
41.922	34.180
41.926	34.790
41.931	42.114
41.938	36.621
41.942	35.400
41.950	34.790
41.954	36.011
41.959	37.842
41.966	31.128
41.970	37.231
41.976	31.128
41.982	34.790
41.987	37.231
41.995	39.062
41.999	38.452
42.005	35.400
42.011	37.231
42.016	39.062
42.024	37.231
42.028	38.452
42.033	34.790
42.040	25.024
42.044	36.621
42.051	35.400
42.055	33.569
42.060	36.621
42.067	35.400
42.072	40.894
42.080	36.621
42.084	30.518
42.089	33.569
42.095	38.452
42.099	39.062
42.107	27.466
42.111	38.452
42.115	37.842
42.124	36.011
42.127	37.231
42.131	36.621
42.140	36.011
42.143	31.738
42.148	35.400
42.155	32.959
42.159	37.231
42.167	35.400
42.171	36.011
42.174	34.180
42.180	37.231
42.186	36.621
42.190	38.452
42.197	36.011
42.204	31.128
42.210	34.180
42.214	39.062
42.221	35.400
42.230	36.621
42.234	35.400
42.240	33.569
42.246	34.790
42.251	36.011
42.257	34.790
42.261	37.231
42.266	39.062
42.274	36.011
42.279	40.894
42.286	37.231
42.290	36.621
42.295	37.842
42.302	36.621
42.306	34.790
42.314	36.621
42.319	37.231
42.326	38.452
42.331	43.335
42.339	35.400
42.343	38.452
42.348	37.231
42.355	35.400
42.360	37.842
42.368	35.400
42.373	37.231
42.381	37.231
42.385	28.687
42.390	33.569
42.398	41.504
42.402	34.790
42.410	31.128
42.416	43.945
42.422	40.894
42.428	37.231
42.432	39.673
42.440	32.349
42.445	32.349
42.453	32.349
42.457	43.945
42.462	39.673
42.470	32.349
42.474	28.076
42.483	39.062
42.487	25.024
42.496	38.452
42.500	38.452
42.505	37.231
42.512	35.400
42.516	35.400
42.524	35.400
42.528	31.738
42.533	37.842
42.541	42.725
42.546	39.062
42.550	45.776
42.557	34.180
42.562	34.790
42.570	34.790
42.574	43.945
42.578	36.011
42.586	34.790
42.589	38.452
42.594	36.011
42.603	42.725
42.608	36.621
42.616	31.738
42.621	37.231
42.626	33.569
42.647	36.011
42.654	34.790
42.659	32.959
42.664	26.855
42.670	37.842
42.676	35.400
42.680	34.790
42.687	36.011
42.692	36.621
42.700	37.231
42.704	37.842
42.708	35.400
42.715	38.452
42.719	32.349
42.724	37.842
42.731	36.011
42.736	36.011
42.743	38.452
42.748	30.518
42.752	41.504
42.759	36.011
42.763	27.466
42.769	40.894
42.775	30.518
42.786	38.452
42.792	35.400
42.798	38.452
42.804	37.231
42.810	34.790
42.816	33.569
42.823	26.245
42.828	34.180
42.832	42.114
42.839	36.011
42.843	33.569
42.849	36.011
42.855	32.349
42.859	32.959
42.867	39.062
42.871	34.790
42.876	34.790
42.883	35.400
42.888	36.011
42.896	37.842
42.900	34.790
42.905	36.011
42.913	37.842
42.917	37.842
42.924	34.790
42.929	35.400
42.934	25.024
42.941	38.452
42.945	34.790
42.953	39.673
42.958	42.114
42.966	37.231
42.970	37.842
42.975	37.231
42.982	36.011
42.986	35.400
42.994	31.128
42.999	37.231
43.004	37.842
43.010	32.349
43.014	37.231
43.023	36.011
43.027	34.180
43.036	34.180
43.041	40.283
43.047	40.283
43.050	43.945
43.055	36.621
43.062	39.673
43.067	36.011
43.075	33.569
43.080	36.621
43.086	23.193
43.091	29.297
43.095	34.180
43.101	35.400
43.108	37.231
43.112	34.790
43.120	39.062
43.125	35.400
43.130	36.011
43.135	37.842
43.140	35.400
43.148	35.400
43.153	38.452
43.161	36.011
43.166	32.349
43.170	34.180
43.177	37.231
43.182	36.011
43.190	32.349
43.195	33.569
43.203	34.790
43.208	34.180
43.216	35.400
43.220	34.180
43.225	36.011
43.232	36.011
43.237	36.011
43.245	44.556
43.250	36.011
43.258	37.842
43.263	40.283
43.267	33.569
43.274	35.400
43.279	37.231
43.288	35.400
43.293	38.452
43.300	40.283
43.304	36.011
43.309	36.011
43.317	23.804
43.322	36.621
43.330	35.400
43.335	40.894
43.341	32.349
43.346	35.400
43.351	36.621
43.358	30.518
43.363	37.231
43.372	39.673
43.376	37.842
43.381	34.790
43.387	40.283
43.392	33.569
43.400	38.452
43.405	37.231
43.414	35.400
43.419	34.790
43.427	35.400
43.431	36.621
43.439	36.011
43.444	37.231
43.448	42.725
43.457	34.180
43.461	33.569
43.468	34.790
43.473	40.894
43.478	34.790
43.484	34.790
43.488	32.959
43.497	43.945
43.501	31.738
43.506	34.790
43.513	37.842
43.517	37.842
43.522	32.959
43.530	38.452
43.535	38.452
43.543	37.842
43.547	34.790
43.551	34.180
43.558	34.790
43.563	37.231
43.569	37.231
43.575	35.400
43.582	36.011
43.588	26.245
43.591	34.790
43.599	36.011
43.603	37.231
43.608	38.452
43.616	41.504
43.621	35.400
43.629	37.842
43.632	33.569
43.636	31.128
43.641	38.452
43.648	37.842
43.655	35.400
43.661	32.349
43.665	36.621
43.672	37.842
43.676	35.400
43.683	37.842
43.687	25.024
43.695	35.400
43.699	40.283
43.704	38.452
43.713	39.673
43.716	34.790
43.720	39.673
43.727	35.400
43.732	41.504
43.741	34.790
43.745	40.283
43.754	36.621
43.758	35.400
43.762	37.842
43.770	34.180
43.774	38.452
43.778	34.180
43.786	35.400
43.791	31.128
43.798	37.842
43.804	36.621
43.810	37.842
43.817	37.231
43.822	40.283
43.830	33.569
43.834	34.790
43.839	33.569
43.844	33.569
43.850	32.959
43.855	37.231
43.863	34.790
43.871	35.400
43.875	33.569
43.879	34.790
43.886	32.349
43.890	36.621
43.898	36.621
43.903	34.790
43.907	29.297
43.915	37.842
43.920	36.011
43.927	35.400
43.931	35.400
43.936	36.011
43.944	39.673
43.949	37.231
43.958	28.687
43.962	36.621
43.966	37.231
43.974	29.297
43.978	39.673
43.986	34.180
43.991	23.804
43.998	34.180
44.004	43.335
44.008	34.790
44.017	36.011
44.021	36.621
44.026	37.231
44.034	34.180
44.039	34.180
44.047	36.621
44.051	36.621
44.055	36.011
44.062	38.452
44.067	36.011
44.072	35.400
44.079	45.776
44.085	34.180
44.090	34.180
44.095	37.842
44.103	40.283
44.107	35.400
44.114	38.452
44.120	36.621
44.124	36.621
44.131	36.621
44.135	37.842
44.139	36.621
44.147	35.400
44.152	36.621
44.156	39.673
44.164	45.166
44.169	37.842
44.176	35.400
44.180	36.011
44.184	36.011
44.193	37.231
44.197	37.842
44.202	38.452
44.209	45.166
44.216	38.452
44.221	34.180
44.227	32.959
44.234	37.842
44.242	32.349
44.246	34.790
44.250	34.180
44.257	24.414
44.262	36.621
44.266	35.400
44.274	38.452
44.279	37.842
44.287	30.518
44.291	34.180
44.296	37.842
44.302	39.062
44.307	33.569
44.316	35.400
44.320	41.504
44.328	37.842
44.332	40.283
44.337	36.011
44.344	35.400
44.348	32.349
44.357	38.452
44.361	32.349
44.365	35.400
44.374	37.842
44.378	36.011
44.385	33.569
44.390	37.231
44.396	34.180
44.403	37.231
44.407	34.790
44.416	37.842
44.421	29.907
44.425	36.621
44.433	36.621
44.437	34.180
44.446	37.842
44.450	41.504
44.460	41.504
44.464	39.673
44.469	36.621
44.475	33.569
44.480	36.011
44.489	38.452
44.493	32.349
44.498	34.790
44.505	38.452
44.509	36.011
44.514	37.231
44.521	36.621
44.526	34.790
44.535	37.231
44.539	36.621
44.547	34.180
44.551	39.062
44.556	36.621
44.565	34.790
44.569	37.231
44.577	43.945
44.581	34.180
44.586	34.180
44.593	33.569
44.598	36.621
44.606	33.569
44.611	36.621
44.619	42.114
44.624	42.725
44.630	27.466
44.636	31.128
44.641	31.738
44.649	31.128
44.654	36.621
44.662	27.466
44.666	32.349
44.671	38.452
44.677	39.062
44.682	35.400
44.690	33.569
44.695	36.011
44.702	44.556
44.708	36.011
44.716	35.400
44.720	32.349
44.726	36.011
44.732	37.842
44.737	23.804
44.745	39.062
44.750	37.231
44.756	33.569
44.761	31.128
44.766	34.180
44.775	37.842
44.780	42.114
44.788	36.011
44.792	34.180
44.797	36.011
44.801	38.452
44.808	31.738
44.817	37.231
44.822	33.569
44.827	31.128
44.834	33.569
44.839	33.569
44.845	28.687
44.850	33.569
44.857	25.635
44.865	37.842
44.870	34.790
44.875	35.400
44.882	28.687
44.886	35.400
44.893	35.400
44.901	31.738
44.906	34.180
44.910	34.180
44.918	37.842
44.922	25.635
44.927	38.452
44.934	34.790
44.939	33.569
44.948	35.400
44.952	40.894
44.960	34.180
44.964	37.231
44.968	37.231
44.976	34.180
44.980	35.400
44.985	38.452
44.994	36.011
44.998	36.011
45.006	43.945
45.011	29.907
45.016	30.518
45.024	44.556
45.028	43.945
45.037	34.790
45.041	40.283
45.048	39.062
45.053	37.231
45.058	34.180
45.066	37.842
45.071	39.062
45.079	38.452
45.083	37.842
45.090	36.011
45.095	38.452
45.099	34.790
45.107	36.621
45.112	44.556
45.120	36.621
45.125	31.128
45.129	39.673
45.136	34.180
45.140	36.621
45.149	34.180
45.153	36.011
45.158	31.128
45.166	33.569
45.171	35.400
45.178	31.738
45.182	36.011
45.190	35.400
45.195	34.180
45.199	36.011
45.208	30.518
45.213	43.335
45.221	36.621
45.226	34.180
45.235	38.452
45.240	36.011
45.249	41.504
45.253	37.842
45.260	34.790
45.264	28.076
45.269	38.452
45.278	39.062
45.282	36.621
45.290	25.635
45.295	34.790
45.298	32.959
45.305	39.673
45.311	36.621
45.315	35.400
45.323	27.466
45.329	33.569
45.335	40.894
45.341	38.452
45.346	37.842
45.351	35.400
45.359	41.504
45.367	32.959
45.371	29.907
45.376	31.738
45.384	38.452
45.389	35.400
45.397	36.011
45.401	36.621
45.406	40.283
45.414	34.790
45.420	31.738
45.427	36.011
45.432	33.569
45.440	43.945
45.444	41.504
45.449	34.180
45.457	37.842
45.461	35.400
45.469	36.621
45.473	35.400
45.481	32.959
45.486	32.349
45.491	33.569
45.498	35.400
45.503	37.231
45.511	31.128
45.516	34.180
45.524	39.062
45.529	36.621
45.533	36.011
45.542	32.349
45.547	36.011
45.554	39.673
45.559	36.011
45.564	32.959
45.571	36.621
45.576	31.128
45.585	32.349
45.589	26.245
45.593	41.504
45.601	30.518
45.606	34.180
45.614	40.894
45.619	35.400
45.625	34.180
45.631	37.231
45.635	37.231
45.641	36.621
45.648	34.790
45.653	35.400
45.661	40.894
45.665	34.180
45.670	36.011
45.677	35.400
45.681	29.907
45.689	39.062
45.694	41.504
45.702	34.180
45.707	36.011
45.711	34.790
45.718	37.842
45.722	36.621
45.730	36.011
45.734	34.180
45.738	35.400
45.746	34.180
45.751	36.011
45.757	38.452
45.762	36.011
45.769	32.959
45.775	35.400
45.780	37.842
45.789	27.466
45.793	32.349
45.800	37.231
45.806	34.790
45.810	35.400
45.818	36.011
45.827	36.621
45.831	33.569
45.839	36.011
45.843	42.725
45.847	38.452
45.856	37.231
45.861	32.959
45.866	34.180
45.873	34.790
45.877	31.738
45.885	35.400
45.890	35.400
45.898	34.790
45.903	40.894
45.908	23.804
45.915	34.180
45.920	35.400
45.927	38.452
45.931	35.400
45.936	37.842
45.944	35.400
45.949	38.452
45.958	34.180
45.962	36.011
45.968	33.569
45.973	33.569
45.981	33.569
45.985	40.283
45.989	37.231
45.997	34.180
46.002	35.400
46.010	37.231
46.015	35.400
46.020	36.011
46.028	34.180
46.033	42.114
46.041	32.349
46.045	39.673
46.048	37.842
46.057	34.180
46.061	35.400
46.065	39.062
46.073	35.400
46.078	35.400
46.082	36.621
46.089	32.959
46.093	35.400
46.098	33.569
46.105	42.114
46.110	36.011
46.119	38.452
46.124	36.621
46.131	41.504
46.135	36.621
46.140	45.776
46.148	38.452
46.152	36.621
46.160	37.842
46.164	32.349
46.172	34.790
46.178	37.842
46.183	35.400
46.190	39.673
46.196	36.621
46.202	36.011
46.207	34.790
46.214	36.011
46.219	31.738
46.226	42.114
46.235	40.283
46.239	39.062
46.243	34.790
46.293	33.569
46.605	35.400
46.611	36.621
46.619	40.283
46.625	43.335
46.632	37.231
46.636	36.621
46.640	32.349
46.648	36.621
46.653	35.400
46.661	36.011
46.667	32.959
46.674	42.114
46.679	32.349
46.687	33.569
46.691	37.842
46.696	34.790
46.704	35.400
46.709	40.894
46.716	36.011
46.720	36.621
46.724	40.894
46.736	37.231
46.744	33.569
46.748	35.400
46.753	42.114
46.760	40.894
46.764	38.452
46.772	36.011
46.777	34.790
46.782	27.466
46.789	35.400
46.793	37.842
46.800	35.400
46.805	35.400
46.810	36.621
46.818	36.621
46.827	36.011
46.833	31.128
46.887	33.569
46.922	32.959
46.968	43.945
47.018	36.621
47.054	36.621
47.059	36.621
47.091	37.231
47.130	35.400
47.173	35.400
47.208	36.621
47.258	31.738
47.263	40.283
47.294	41.504
47.305	35.400
47.309	36.621
47.339	32.959
47.378	37.231
47.414	32.959
47.455	37.231
47.461	36.011
47.494	32.959
47.536	33.569
47.581	24.414
47.621	25.635
47.661	36.621
47.666	36.011
47.695	36.621
47.758	39.062
47.763	42.114
47.767	38.452
47.796	39.673
47.834	35.400
47.884	37.842
47.889	37.231
47.894	28.687
47.930	34.180
47.964	34.790
47.991	35.400
47.996	37.231
48.002	37.842
48.031	37.842
48.065	34.180
48.070	34.180
48.100	34.180
48.155	29.907
48.196	39.673
48.233	32.349
48.238	34.790
48.269	34.180
48.320	36.011
48.370	36.011
48.410	34.790
48.444	36.621
48.448	34.180
48.491	36.011
48.496	33.569
48.507	35.400
48.542	26.245
48.578	36.621
48.620	31.738
48.624	34.790
48.655	38.452
48.699	36.621
48.735	42.725
48.740	43.945
48.752	25.635
48.797	36.621
48.845	36.011
48.881	35.400
48.886	33.569
48.892	36.011
48.931	36.621
48.964	37.842
48.968	37.231
48.972	32.959
49.002	32.959
49.039	34.790
49.045	36.011
49.075	33.569
49.115	23.804
49.120	28.687
49.124	34.790
49.155	25.635
49.194	36.011
49.242	36.621
49.293	34.790
49.297	35.400
49.305	29.907
49.341	33.569
49.346	23.193
49.352	29.297
49.381	23.193
49.385	37.231
49.390	31.738
49.424	32.959
49.458	37.842
49.463	36.621
49.496	36.011
49.501	36.621
49.531	36.011
49.568	38.452
49.619	33.569
49.659	36.621
49.664	34.180
49.694	36.621
49.759	40.894
49.796	34.180
49.837	36.011
49.899	40.894
49.904	32.349
49.912	36.621
49.936	34.790
49.941	35.400
49.949	43.335
50.000	29.907
